 0.7031       2.7656
 0.4219       2.7656
 0.3281       2.7656
 0.2813       0.5625
 0.2813       0.3281
 0.2813       0.2813
 0.2813       0.2344
 0.2813       0.2344
 0.2813       0.2344
 0.2813       0.2344
 0.2344       0.2344
 0.2344       0.2344
 0.2344       0.2344
 0.2344       0.2344
 0.2344       0.2344
 0.2344       0.2344
 0.2344       0.1875
 0.2344       0.1875
 0.2344       0.1875
 0.2344       0.1875
 0.2344       0.1875
 0.2344       0.1875
 0.2344       0.1875
 0.2344       0.1875
 0.2344       0.1875
 0.2344       0.1875
 0.2344       0.1875
 0.2344       0.1875
 0.2344       0.1875
 0.2344       0.1875
 0.2344       0.1875
 0.2344       0.1875
 0.2344       0.1875
 0.2344       0.1875
 0.2344       0.1875
 0.2344       0.1875
 0.2344       0.1875
 0.2344       0.1875
 0.2344       0.1875
 0.2344       0.1875
 0.2344       0.1875
 0.2344       0.1875
 0.2344       0.1875
 0.2344       0.1875
 0.2344       0.1875
 0.2344       0.1875
 0.2344       0.1875
 0.2344       0.1875
 0.2344       0.1875
 0.2344       0.1875
 0.2344       0.1875
 0.1875       0.1875
 0.1875       0.1875
 0.1875       0.1875
 0.1875       0.1875
 0.1875       0.1875
 0.1875       0.1875
 0.1875       0.1875
 0.1875       0.1875
 0.1875       0.1875
 0.1875       0.1875
 0.1875       0.1875
 0.1875       0.1875
 0.1875       0.1875
 0.1875       0.1875
 0.1875       0.1875
 0.1875       0.1875
 0.1875       0.1875
 0.1875       0.1875
 0.1875       0.1875
 0.1875       0.1875
 0.1875       0.1875
 0.1875       0.1875
 0.1875       0.1875
 0.1875       0.1875
 0.1875       0.1875
 0.1875       0.1875
 0.1875       0.1875
 0.1875       0.1875
 0.1875       0.1875
 0.1875       0.1875
 0.1875       0.1875
 0.1875       0.1875
 0.1875       0.1875
 0.1875       0.1875
 0.1875       0.1875
 0.1875       0.1875
 0.1875       0.1875
 0.1875       0.1875
 0.1875       0.1406
 0.1875       0.1406
 0.1875       0.1406
 0.1875       0.1406
 0.1875       0.1406
 0.1875       0.1406
 0.1875       0.1406
 0.1875       0.1406
 0.1875       0.1406
 0.1875       0.1406
 0.1875       0.1406
 0.1875       0.1406
 0.1875       0.1875
 0.1875       0.1406
 0.1875       0.1406
 0.1875       0.1406
 0.1875       0.1406
 0.1875       0.1406
 0.1875       0.1406
 0.1875       0.1406
 0.1875       0.1406
 0.1875       0.1406
 0.1875       0.1406
 0.1875       0.1406
 0.1875       0.1406
 0.1875       0.1406
 0.1875       0.1406
 0.1875       0.1406
 0.1875       0.1406
 0.1875       0.1406
 0.1875       0.1406
 0.1875       0.1406
 0.1875       0.1406
 0.1875       0.1406
 0.1875       0.1406
 0.1875       0.1406
 0.1875       0.1406
 0.1875       0.1406
 0.1875       0.1406
 0.1875       0.1406
 0.1875       0.1406
 0.1875       0.1406
 0.1875       0.1406
 0.1875       0.1406
 0.1875       0.1406
 0.1875       0.1406
 0.1875       0.1406
 0.1875       0.1406
 0.1875       0.1406
 0.1875       0.1406
 0.1875       0.1406
 0.1875       0.1406
 0.1875       0.1406
 0.1875       0.1406
 0.1875       0.1406
 0.1875       0.1406
 0.1875       0.1406
 0.1875       0.1406
 0.1875       0.1875
 0.2344       0.1875
 0.2344       0.1875
 0.2344       0.1875
 0.2344       0.1875
 0.2344       0.1875
 0.2344       0.1875
 0.2344       0.1875
 0.2344       0.1875
 0.2344       0.1875
 0.2344       0.1875
 0.2344       0.1875
 0.2344       0.1875
 0.2344       0.1875
 0.2344       0.1875
 0.2344       0.1875
 0.2344       0.1875
 0.2813       0.1875
 0.2813       0.1875
 0.2813       0.1875
 0.2813       0.1875
 0.2813       0.1875
 0.2813       0.1875
 0.2813       0.2344
 0.2813       0.2344
 0.2813       0.2344
 0.2813       0.2344
 0.2813       0.2344
 0.2813       0.2344
 0.2813       0.2344
 0.2813       0.2344
 0.2813       0.2344
 0.2813       0.2344
 0.2813       0.2344
 0.2813       0.2344
 0.3281       0.2344
 0.3281       0.2344
 0.3281       0.2344
 0.3281       0.2344
 0.3281       0.2344
 0.3281       0.2344
 0.3281       0.2344
 0.3281       0.2344
 0.3281       0.2344
 0.3281       0.2344
 0.3281       0.2813
 0.3281       0.2813
 0.3281       0.2813
 0.3281       0.2813
 0.3281       0.2813
 0.3281       0.2813
 0.3750       0.2813
 0.3750       0.2813
 0.3750       0.2813
 0.3750       0.2813
 0.3750       0.2813
 0.3750       0.2813
 0.3750       0.2813
 0.3750       0.2813
 0.3750       0.2813
 0.3750       0.2813
 0.3750       0.2813
 0.3750       0.2813
 0.3750       0.2813
 0.3750       0.2813
 0.3750       0.2813
 0.3750       0.3281
 0.3750       0.3281
 0.4219       0.3281
 0.4219       0.3281
 0.4219       0.3281
 0.4219       0.3281
 0.4219       0.3281
 0.4219       0.3281
 0.4219       0.3281
 0.4219       0.3281
 0.4219       0.3281
 0.4219       0.3281
 0.4219       0.3281
 0.4219       0.3281
 0.4219       0.3281
 0.4219       0.3281
 0.4219       0.3281
 0.4219       0.3281
 0.4219       0.3281
 0.4688       0.3281
 0.4688       0.3281
 0.4688       0.3281
 0.4688       0.3750
 0.4688       0.3750
 0.4688       0.3750
 0.4688       0.3750
 0.4688       0.3750
 0.4688       0.3750
 0.4688       0.3750
 0.4688       0.3750
 0.4688       0.3750
 0.4688       0.3750
 0.4688       0.3750
 0.4688       0.3750
 0.4688       0.3750
 0.4688       0.3750
 0.5156       0.3750
 0.5156       0.3750
 0.5156       0.3750
 0.5156       0.3750
 0.5156       0.3750
 0.5156       0.3750
 0.5156       0.3750
 0.5156       0.3750
 0.5156       0.4219
 0.5156       0.4219
 0.5156       0.4219
 0.5156       0.4219
 0.5156       0.4219
 0.5156       0.4219
 0.5156       0.4219
 0.5156       0.4219
 0.5625       0.4219
 0.5625       0.4219
 0.5625       0.4219
 0.5625       0.4219
 0.5625       0.4219
 0.5625       0.4219
 0.5625       0.4219
 0.5625       0.4219
 0.5625       0.4219
 0.5625       0.4219
 0.5625       0.4219
 0.5625       0.4219
 0.5625       0.4219
 0.5625       0.4688
 0.5625       0.4688
 0.5625       0.4688
 0.5625       0.4688
 0.5625       0.4688
 0.6094       0.4688
 0.6094       0.4688
 0.6094       0.4688
 0.6094       0.4688
 0.6094       0.4688
 0.6094       0.4688
 0.6094       0.4688
 0.6094       0.4688
 0.6094       0.4688
 0.6094       0.4688
 0.6094       0.4688
 0.6094       0.4688
 0.6094       0.4688
 0.6094       0.4688
 0.6094       0.4688
 0.6094       0.4688
 0.6563       0.5156
 0.6563       0.5156
 0.6563       0.5156
 0.6563       0.5156
 0.6563       0.5156
 0.6563       0.5156
 0.6563       0.5156
 0.6563       0.5156
 0.6563       0.5156
 0.6563       0.5156
 0.6563       0.5156
 0.6563       0.5156
 0.6563       0.5156
 0.6563       0.5156
 0.6563       0.5156
 0.6563       0.5156
 0.6563       0.5156
 0.7031       0.5156
 0.7031       0.5156
 0.7031       0.5156
 0.7031       0.5156
 0.7031       0.5625
 0.7031       0.5625
 0.7031       0.5625
 0.7031       0.5625
 0.7031       0.5625
 0.7031       0.5625
 0.7031       0.5625
 0.7031       0.5625
 0.7031       0.5625
 0.7031       0.5625
 0.7031       0.5625
 0.7500       0.5625
 0.7500       0.5625
 0.7500       0.5625
 0.7500       0.5625
 0.7500       0.5625
 0.7500       0.5625
 0.7500       0.5625
 0.7500       0.5625
 0.7500       0.5625
 0.7500       0.5625
 0.7500       0.6094
 0.7500       0.6094
 0.7500       0.6094
 0.7500       0.6094
 0.7500       0.6094
 0.7500       0.6094
 0.7500       0.6094
 0.7500       0.6094
 0.7500       0.6094
 0.7969       0.6094
 0.7969       0.6094
 0.7969       0.6094
 0.7969       0.6094
 0.7969       0.6094
 0.7969       0.6094
 0.7969       0.6094
 0.7969       0.6094
 0.7969       0.6094
 0.7969       0.6094
 0.7969       0.6094
 0.7969       0.6094
 0.7969       0.6563
 0.7969       0.6563
 0.7969       0.6563
 0.7969       0.6563
 0.7969       0.6563
 0.8438       0.6563
 0.8438       0.6563
 0.8438       0.6563
 0.8438       0.6563
 0.8438       0.6563
 0.8438       0.6563
 0.8438       0.6563
 0.8438       0.6563
 0.8438       0.6563
 0.8438       0.6563
 0.8438       0.6563
 0.8438       0.6563
 0.8438       0.6563
 0.8438       0.6563
 0.8438       0.6563
 0.8438       0.6563
 0.8906       0.6563
 0.8906       0.6563
 0.8906       0.7031
 0.8906       0.7031
 0.8906       0.7031
 0.8906       0.7031
 0.8906       0.7031
 0.8906       0.7031
 0.8906       0.7031
 0.8906       0.7031
 0.8906       0.7031
 0.8906       0.7031
 0.8906       0.7031
 0.8906       0.7031
 0.8906       0.7031
 0.8906       0.7031
 0.8906       0.7031
 0.9375       0.7031
 0.9375       0.7031
 0.9375       0.7031
 0.9375       0.7031
 0.9375       0.7500
 0.9375       0.7500
 0.9375       0.7500
 0.9375       0.7500
 0.9375       0.7500
 0.9375       0.7500
 0.9375       0.7500
 0.9375       0.7500
 0.9375       0.7500
 0.9375       0.7500
 0.9375       0.7500
 0.9375       0.7500
 0.9375       0.7500
 0.9844       0.7500
 0.9844       0.7500
 0.9844       0.7500
 0.9844       0.7500
 0.9844       0.7500
 0.9844       0.7500
 0.9844       0.7500
 0.9844       0.7500
 0.9844       0.7969
 0.9844       0.7969
 0.9844       0.7969
 0.9844       0.7969
 0.9844       0.7969
 0.9844       0.7969
 0.9844       0.7969
 0.9844       0.7969
 0.9844       0.7969
 1.0313       0.7969
 1.0313       0.7969
 1.0313       0.7969
 1.0313       0.7969
 1.0313       0.7969
 1.0313       0.7969
 1.0313       0.7969
 1.0313       0.7969
 1.0313       0.7969
 1.0313       0.7969
 1.0313       0.7969
 1.0313       0.7969
 1.0313       0.8438
 1.0313       0.8438
 1.0313       0.8438
 1.0313       0.8438
 1.0313       0.8438
 1.0781       0.8438
 1.0781       0.8438
 1.0781       0.8438
 1.0781       0.8438
 1.0781       0.8438
 1.0781       0.8438
 1.0781       0.8438
 1.0781       0.8438
 1.0781       0.8438
 1.0781       0.8438
 1.0781       0.8438
 1.0781       0.8438
 1.0781       0.8438
 1.0781       0.8438
 1.0781       0.8438
 1.0781       0.8438
 1.0781       0.8906
 1.1250       0.8906
 1.1250       0.8906
 1.1250       0.8906
 1.1250       0.8906
 1.1250       0.8906
 1.1250       0.8906
 1.1250       0.8906
 1.1250       0.8906
 1.1250       0.8906
 1.1250       0.8906
 1.1250       0.8906
 1.1250       0.8906
 1.1250       0.8906
 1.1250       0.8906
 1.1250       0.8906
 1.1250       0.8906
 1.1719       0.8906
 1.1719       0.8906
 1.1719       0.8906
 1.1719       0.9375
 1.1719       0.9375
 1.1719       0.9375
 1.1719       0.9375
 1.1719       0.9375
 1.1719       0.9375
 1.1719       0.9375
 1.1719       0.9375
 1.1719       0.9375
 1.1719       0.9375
 1.1719       0.9375
 1.1719       0.9375
 1.1719       0.9375
 1.1719       0.9375
 1.2188       0.9375
 1.2188       0.9375
 1.2188       0.9375
 1.2188       0.9375
 1.2188       0.9375
 1.2188       0.9375
 1.2188       0.9375
 1.2188       0.9844
 1.2188       0.9844
 1.2188       0.9844
 1.2188       0.9844
 1.2188       0.9844
 1.2188       0.9844
 1.2188       0.9844
 1.2188       0.9844
 1.2188       0.9844
 1.2656       0.9844
 1.2656       0.9844
 1.2656       0.9844
 1.2656       0.9844
 1.2656       0.9844
 1.2656       0.9844
 1.2656       0.9844
 1.2656       0.9844
 1.2656       0.9844
 1.2656       0.9844
 1.2656       0.9844
 1.2656       0.9844
 1.2656       1.0313
 1.2656       1.0313
 1.2656       1.0313
 1.2656       1.0313
 1.2656       1.0313
 1.3125       1.0313
 1.3125       1.0313
 1.3125       1.0313
 1.3125       1.0313
 1.3125       1.0313
 1.3125       1.0313
 1.3125       1.0313
 1.3125       1.0313
 1.3125       1.0313
 1.3125       1.0313
 1.3125       1.0313
 1.3125       1.0313
 1.3125       1.0313
 1.3125       1.0313
 1.3125       1.0313
 1.3125       1.0313
 1.3125       1.0781
 1.3125       1.0781
 1.3594       1.0781
 1.3594       1.0781
 1.3594       1.0781
 1.3594       1.0781
 1.3594       1.0781
 1.3594       1.0781
 1.3594       1.0781
 1.3594       1.0781
 1.3594       1.0781
 1.3594       1.0781
 1.3594       1.0781
 1.3594       1.0781
 1.3594       1.0781
 1.3594       1.0781
 1.3594       1.0781
 1.3594       1.0781
 1.3594       1.0781
 1.4063       1.0781
 1.4063       1.1250
 1.4063       1.1250
 1.4063       1.1250
 1.4063       1.1250
 1.4063       1.1250
 1.4063       1.1250
 1.4063       1.1250
 1.4063       1.1250
 1.4063       1.1250
 1.4063       1.1250
 1.4063       1.1250
 1.4063       1.1250
 1.4063       1.1250
 1.4063       1.1250
 1.4063       1.1250
 1.4531       1.1250
 1.4531       1.1250
 1.4531       1.1250
 1.4531       1.1250
 1.4531       1.1250
 1.4531       1.1250
 1.4531       1.1719
 1.4531       1.1719
 1.4531       1.1719
 1.4531       1.1719
 1.4531       1.1719
 1.4531       1.1719
 1.4531       1.1719
 1.4531       1.1719
 1.4531       1.1719
 1.5000       1.1719
 1.5000       1.1719
 1.5000       1.1719
 1.5000       1.1719
 1.5000       1.1719
 1.5000       1.1719
 1.5000       1.1719
 1.5000       1.1719
 1.5000       1.1719
 1.5000       1.1719
 1.5000       1.1719
 1.5000       1.2188
 1.5000       1.2188
 1.5000       1.2188
 1.5000       1.2188
 1.5000       1.2188
 1.5000       1.2188
 1.5000       1.2188
 1.5000       1.2188
 1.5469       1.2188
 1.5469       1.2188
 1.5469       1.2188
 1.5469       1.2188
 1.5469       1.2188
 1.5469       1.2188
 1.5469       1.2188
 1.5469       1.2188
 1.5469       1.2188
 1.5469       1.2188
 1.5469       1.2188
 1.5469       1.2188
 1.5469       1.2656
 1.5469       1.2656
 1.5469       1.2656
 1.5469       1.2656
 1.5938       1.2656
 1.5938       1.2656
 1.5938       1.2656
 1.5938       1.2656
 1.5938       1.2656
 1.5938       1.2656
 1.5938       1.2656
 1.5938       1.2656
 1.5938       1.2656
 1.5938       1.2656
 1.5938       1.2656
 1.5938       1.2656
 1.5938       1.2656
 1.5938       1.2656
 1.5938       1.2656
 1.5938       1.2656
 1.5938       1.2656
 1.6406       1.2656
 1.6406       1.3125
 1.6406       1.3125
 1.6406       1.3125
 1.6406       1.3125
 1.6406       1.3125
 1.6406       1.3125
 1.6406       1.3125
 1.6406       1.3125
 1.6406       1.3125
 1.6406       1.3125
 1.6406       1.3125
 1.6406       1.3125
 1.6406       1.3125
 1.6406       1.3125
 1.6406       1.3125
 1.6406       1.3125
 1.6406       1.3125
 1.6875       1.3125
 1.6875       1.3125
 1.6875       1.3125
 1.6875       1.3125
 1.6875       1.3594
 1.6875       1.3594
 1.6875       1.3594
 1.6875       1.3594
 1.6875       1.3594
 1.6875       1.3594
 1.6875       1.3594
 1.6875       1.3594
 1.6875       1.3594
 1.6875       1.3594
 1.6875       1.3594
 1.6875       1.3594
 1.7344       1.3594
 1.7344       1.3594
 1.7344       1.3594
 1.7344       1.3594
 1.7344       1.3594
 1.7344       1.3594
 1.7344       1.3594
 1.7344       1.3594
 1.7344       1.4063
 1.7344       1.4063
 1.7344       1.4063
 1.7344       1.4063
 1.7344       1.4063
 1.7344       1.4063
 1.7344       1.4063
 1.7344       1.4063
 1.7344       1.4063
 1.7813       1.4063
 1.7813       1.4063
 1.7813       1.4063
 1.7813       1.4063
 1.7813       1.4063
 1.7813       1.4063
 1.7813       1.4063
 1.7813       1.4063
 1.7813       1.4063
 1.7813       1.4063
 1.7813       1.4063
 1.7813       1.4063
 1.7813       1.4531
 1.7813       1.4531
 1.7813       1.4531
 1.7813       1.4531
 1.7813       1.4531
 1.8281       1.4531
 1.8281       1.4531
 1.8281       1.4531
 1.8281       1.4531
 1.8281       1.4531
 1.8281       1.4531
 1.8281       1.4531
 1.8281       1.4531
 1.8281       1.4531
 1.8281       1.4531
 1.8281       1.4531
 1.8281       1.4531
 1.8281       1.4531
 1.8281       1.4531
 1.8281       1.5000
 1.8281       1.5000
 1.8750       1.5000
 1.8750       1.5000
 1.8750       1.5000
 1.8750       1.5000
 1.8750       1.5000
 1.8750       1.5000
 1.8750       1.5000
 1.8750       1.5000
 1.8750       1.5000
 1.8750       1.5000
 1.8750       1.5000
 1.8750       1.5000
 1.8750       1.5000
 1.8750       1.5000
 1.8750       1.5000
 1.8750       1.5000
 1.8750       1.5000
 1.9219       1.5000
 1.9219       1.5000
 1.9219       1.5000
 1.9219       1.5469
 1.9219       1.5469
 1.9219       1.5469
 1.9219       1.5469
 1.9219       1.5469
 1.9219       1.5469
 1.9219       1.5469
 1.9219       1.5469
 1.9219       1.5469
 1.9219       1.5469
 1.9219       1.5469
 1.9219       1.5469
 1.9219       1.5469
 1.9219       1.5469
 1.9688       1.5469
 1.9688       1.5469
 1.9688       1.5469
 1.9688       1.5469
 1.9688       1.5469
 1.9688       1.5938
 1.9688       1.5938
 1.9688       1.5938
 1.9688       1.5938
 1.9688       1.5938
 1.9688       1.5938
 1.9688       1.5938
 1.9688       1.5938
 1.9688       1.5938
 1.9688       1.5938
 1.9688       1.5938
 2.0156       1.5938
 2.0156       1.5938
 2.0156       1.5938
 2.0156       1.5938
 2.0156       1.5938
 2.0156       1.5938
 2.0156       1.5938
 2.0156       1.5938
 2.0156       1.5938
 2.0156       1.5938
 2.0156       1.6406
 2.0156       1.6406
 2.0156       1.6406
 2.0156       1.6406
 2.0156       1.6406
 2.0156       1.6406
 2.0156       1.6406
 2.0156       1.6406
 2.0625       1.6406
 2.0625       1.6406
 2.0625       1.6406
 2.0625       1.6406
 2.0625       1.6406
 2.0625       1.6406
 2.0625       1.6406
 2.0625       1.6406
 2.0625       1.6406
 2.0625       1.6406
 2.0625       1.6406
 2.0625       1.6875
 2.0625       1.6875
 2.0625       1.6875
 2.0625       1.6875
 2.0625       1.6875
 2.1094       1.6875
 2.1094       1.6875
 2.1094       1.6875
 2.1094       1.6875
 2.1094       1.6875
 2.1094       1.6875
 2.1094       1.6875
 2.1094       1.6875
 2.1094       1.6875
 2.1094       1.6875
 2.1094       1.6875
 2.1094       1.6875
 2.1094       1.6875
 2.1094       1.6875
 2.1094       1.6875
 2.1094       1.6875
 2.1094       1.7344
 2.1563       1.7344
 2.1563       1.7344
 2.1563       1.7344
 2.1563       1.7344
 2.1563       1.7344
 2.1563       1.7344
 2.1563       1.7344
 2.1563       1.7344
 2.1563       1.7344
 2.1563       1.7344
 2.1563       1.7344
 2.1563       1.7344
 2.1563       1.7344
 2.1563       1.7344
 2.1563       1.7344
 2.1563       1.7344
 2.1563       1.7344
 2.2031       1.7344
 2.2031       1.7344
 2.2031       1.7344
 2.2031       1.7813
 2.2031       1.7813
 2.2031       1.7813
 2.2031       1.7813
 2.2031       1.7813
 2.2031       1.7813
 2.2031       1.7813
 2.2031       1.7813
 2.2031       1.7813
 2.2031       1.7813
 2.2031       1.7813
 2.2031       1.7813
 2.2031       1.7813
 2.2500       1.7813
 2.2500       1.7813
 2.2500       1.7813
 2.2500       1.7813
 2.2500       1.7813
 2.2500       1.7813
 2.2500       1.8281
 2.2500       1.7813
 2.2500       1.8281
 2.2500       1.8281
 2.2500       1.8281
 2.2500       1.8281
 2.2500       1.8281
 2.2500       1.8281
 2.2500       1.8281
 2.2500       1.8281
 2.2500       1.8281
 2.2969       1.8281
 2.2969       1.8281
 2.2969       1.8281
 2.2969       1.8281
 2.2969       1.8281
 2.2969       1.8281
 2.2969       1.8281
 2.2969       1.8281
 2.2969       1.8281
 2.2969       1.8281
 2.2969       1.8750
 2.2969       1.8750
 2.2969       1.8750
 2.2969       1.8750
 2.2969       1.8750
 2.2969       1.8750
 2.2969       1.8750
 2.3438       1.8750
 2.3438       1.8750
 2.3438       1.8750
 2.3438       1.8750
 2.3438       1.8750
 2.3438       1.8750
 2.3438       1.8750
 2.3438       1.8750
 2.3438       1.8750
 2.3438       1.8750
 2.3438       1.8750
 2.3438       1.8750
 2.3438       1.8750
 2.3438       1.8750
 2.3438       1.9219
 2.3438       1.9219
 2.3438       1.9219
 2.3906       1.9219
 2.3906       1.9219
 2.3906       1.9219
 2.3906       1.9219
 2.3906       1.9219
 2.3906       1.9219
 2.3906       1.9219
 2.3906       1.9219
 2.3906       1.9219
 2.3906       1.9219
 2.3906       1.9219
 2.3906       1.9219
 2.3906       1.9219
 2.3906       1.9219
 2.3906       1.9219
 2.3906       1.9219
 2.3906       1.9219
 2.4375       1.9688
 2.4375       1.9688
 2.4375       1.9688
 2.4375       1.9688
 2.4375       1.9688
 2.4375       1.9688
 2.4375       1.9688
 2.4375       1.9688
 2.4375       1.9688
 2.4375       1.9688
 2.4375       1.9688
 2.4375       1.9688
 2.4375       1.9688
 2.4375       1.9688
 2.4375       1.9688
 2.4375       1.9688
 2.4375       1.9688
 2.4375       1.9688
 2.4844       1.9688
 2.4844       1.9688
 2.4844       2.0156
 2.4844       2.0156
 2.4844       2.0156
 2.4844       2.0156
 2.4844       2.0156
 2.4844       2.0156
 2.4844       2.0156
 2.4844       2.0156
 2.4844       2.0156
 2.4844       2.0156
 2.4844       2.0156
 2.4844       2.0156
 2.4844       2.0156
 2.4844       2.0156
 2.4844       2.0156
 2.4844       2.0156
 2.4844       2.0156
 2.4844       2.0156
 2.4844       2.0156
 2.4844       2.0156
 2.4844       2.0156
 2.4844       2.0156
 2.4844       2.0156
 2.4844       2.0156
 2.4844       2.0156
 2.4844       2.0156
 2.4844       2.0156
 2.4844       2.0156
 2.4844       2.0156
 2.4844       2.0156
 2.4844       2.0156
 2.4844       2.0156
 2.4844       2.0156
 2.4844       2.0156
 2.4844       2.0156
 2.4844       2.0156
 2.4844       2.0156
 2.4844       2.0156
 2.4844       2.0156
 2.4844       2.0156
 2.4844       2.0156
 2.4844       2.0156
 2.4844       2.0156
 2.4844       2.0156
 2.4844       2.0156
 2.4844       2.0156
 2.4844       2.0156
 2.4844       2.0156
 2.4844       2.0156
 2.4844       2.0156
 2.4844       2.0156
 2.4844       2.0156
 2.4844       2.0156
 2.4844       2.0156
 2.4844       2.0156
 2.4844       2.0156
 2.4844       2.0156
 2.4844       2.0156
 2.4844       2.0156
 2.4844       2.0156
 2.4844       2.0156
 2.4844       2.0156
 2.4844       2.0156
 2.4844       2.0156
 2.4844       2.0156
 2.4844       2.0156
 2.4844       2.0156
 2.4844       2.0156
 2.4844       2.0156
 2.4844       2.0156
 2.4844       2.0156
 2.4844       2.0156
 2.4844       2.0156
 2.4844       2.0156
 2.4844       2.0156
 2.4844       2.0156
 2.4844       2.0156
 2.4844       2.0156
 2.4844       2.0156
 2.4844       2.0156
 2.4844       2.0156
 2.4844       2.0156
 2.4844       2.0156
 2.4844       2.0156
 2.4844       2.0156
 2.4844       2.0156
 2.4844       2.0156
 2.4844       2.0156
 2.4844       2.0156
 2.4844       2.0156
 2.4844       2.0156
 2.4844       2.0156
 2.4844       2.0625
 2.4844       2.0625
 2.4844       2.0625
 2.4844       2.0625
 2.4844       2.0625
 2.4844       2.0625
 2.4844       2.0625
 2.4844       2.0625
 2.4844       2.0625
 2.4844       2.0625
 2.5313       2.0625
 2.5313       2.0625
 2.4844       2.0625
 2.5313       2.0625
 2.5313       2.0625
 2.5313       2.0625
 2.5313       2.0625
 2.5313       2.0625
 2.5313       2.0625
 2.5313       2.0625
 2.5313       2.0625
 2.4844       2.0625
 2.5313       2.0625
 2.5313       2.0625
 2.5313       2.0625
 2.5313       2.0625
 2.4844       2.0625
 2.5313       2.0625
 2.5313       2.0625
 2.5313       2.0625
 2.5313       2.0625
 2.5313       2.0625
 2.5313       2.0625
 2.5313       2.0625
 2.5313       2.0625
 2.5313       2.0625
 2.5313       2.0625
 2.5313       2.0625
 2.5313       2.0625
 2.5313       2.0625
 2.5313       2.0625
 2.5313       2.0625
 2.5313       2.0625
 2.5313       2.0625
 2.5313       2.0625
 2.5313       2.0625
 2.5313       2.0625
 2.5313       2.0625
 2.5313       2.0625
 2.5313       2.0625
 2.5313       2.0625
 2.5313       2.0625
 2.5313       2.0625
 2.5313       2.0625
 2.5313       2.0625
 2.5313       2.0625
 2.5313       2.0625
 2.5313       2.0625
 2.5313       2.0625
 2.5313       2.0625
 2.5313       2.0625
 2.5313       2.0625
 2.5313       2.0625
 2.5313       2.0625
 2.5313       2.0625
 2.5313       2.0625
 2.5313       2.0625
 2.5313       2.0625
 2.5313       2.0625
 2.5313       2.0625
 2.5313       2.0625
 2.5313       2.0625
 2.5313       2.0625
 2.5313       2.0625
 2.5313       2.0625
 2.5313       2.0625
 2.5313       2.0625
 2.5313       2.0625
 2.5313       2.0625
 2.5313       2.0625
 2.5313       2.0625
 2.5313       2.0625
 2.5313       2.0625
 2.5313       2.0625
 2.5313       2.0625
 2.5313       2.0625
 2.5313       2.0625
 2.5313       2.0625
 2.5313       2.0625
 2.5313       2.0625
 2.5313       2.0625
 2.5313       2.0625
 2.5313       2.0625
 2.5313       2.0625
 2.5313       2.0625
 2.5313       2.0625
 2.5313       2.0625
 2.5313       2.0625
 2.5313       2.0625
 2.5313       2.0625
 2.5313       2.0625
 2.5313       2.0625
 2.5313       2.0625
 2.5313       2.0625
 2.5313       2.0625
 2.5313       2.0625
 2.5313       2.0625
 2.5313       2.0625
 2.5313       2.0625
 2.5313       2.0625
 2.5313       2.0625
 2.5313       2.0625
 2.5313       2.0625
 2.5313       2.0625
 2.5313       2.0625
 2.5313       2.0625
 2.5313       2.0625
 2.5313       2.0625
 2.5313       2.0625
 2.5313       2.0625
 2.5313       2.0625
 2.5313       2.0625
 2.5313       2.0625
 2.5313       2.0625
 2.5313       2.0625
 2.5313       2.0625
 2.5313       2.0625
 2.5313       2.0625
 2.5313       2.0625
 2.5313       2.0625
 2.5313       2.0625
 2.5313       2.0625
 2.5313       2.0625
 2.5313       2.0625
 2.5313       2.0625
 2.5313       2.0625
 2.5313       2.0625
 2.5313       2.0625
 2.5313       2.0625
 2.5313       2.0625
 2.5313       2.0625
 2.5313       2.0625
 2.5313       2.0625
 2.5313       2.0625
 2.5313       2.0625
 2.5313       2.0625
 2.5313       2.0625
 2.5313       2.0625
 2.5313       2.0625
 2.5313       2.0625
 2.5313       2.0625
 2.5313       2.0625
 2.5313       2.0625
 2.5313       2.0625
 2.5313       2.0625
 2.5313       2.0625
 2.5313       2.0625
 2.5313       2.0625
 2.5313       2.0625
 2.5313       2.0625
 2.5313       2.0625
 2.5313       2.0625
 2.5313       2.0625
 2.5313       2.0625
 2.5313       2.0625
 2.5313       2.0625
 2.5313       2.0625
 2.5313       2.0625
 2.5313       2.0625
 2.5313       2.0625
 2.5313       2.0625
 2.5313       2.0625
 2.5313       2.0625
 2.5313       2.1094
 2.5313       2.1094
 2.5313       2.1094
 2.5313       2.1094
 2.5313       2.1094
 2.5313       2.1094
 2.5313       2.1094
 2.5313       2.1094
 2.5313       2.1094
 2.5313       2.1094
 2.5313       2.1094
 2.5313       2.1094
 2.5313       2.1094
 2.5313       2.1094
 2.5313       2.1094
 2.5313       2.1094
 2.5313       2.1094
 2.5313       2.1094
 2.5313       2.1094
 2.5313       2.1094
 2.5313       2.1094
 2.5313       2.1094
 2.5313       2.1094
 2.5313       2.1094
 2.5313       2.1094
 2.5313       2.1094
 2.5313       2.1094
 2.5313       2.1094
 2.5313       2.1094
 2.5313       2.1094
 2.5313       2.1094
 2.5313       2.1094
 2.5313       2.1094
 2.5313       2.1094
 2.5313       2.1094
 2.5313       2.1094
 2.5313       2.1094
 2.5313       2.1094
 2.5313       2.1094
 2.5313       2.1094
 2.5313       2.1094
 2.5313       2.1094
 2.5313       2.1094
 2.5313       2.1094
 2.5313       2.1094
 2.5313       2.1094
 2.5313       2.1094
 2.5313       2.1094
 2.5313       2.1094
 2.5313       2.1094
 2.5313       2.1094
 2.5313       2.1094
 2.5313       2.1094
 2.5313       2.1094
 2.5313       2.1094
 2.5313       2.1094
 2.5313       2.1094
 2.5781       2.1094
 2.5781       2.1094
 2.5781       2.1094
 2.5313       2.1094
 2.5781       2.1094
 2.5781       2.1094
 2.5781       2.1094
 2.5781       2.1094
 2.5781       2.1094
 2.5781       2.1094
 2.5781       2.1094
 2.5781       2.1094
 2.5781       2.1094
 2.5781       2.1094
 2.5781       2.1094
 2.5781       2.1094
 2.5781       2.1094
 2.5781       2.1094
 2.5781       2.1094
 2.5781       2.1094
 2.5781       2.1094
 2.5781       2.1094
 2.5781       2.1094
 2.5781       2.1094
 2.5781       2.1094
 2.5781       2.1094
 2.5781       2.1094
 2.5781       2.1094
 2.5781       2.1094
 2.5781       2.1094
 2.5781       2.1094
 2.5781       2.1094
 2.5781       2.1094
 2.5781       2.1094
 2.5781       2.1094
 2.5781       2.1094
 2.5781       2.1094
 2.5781       2.1094
 2.5781       2.1094
 2.5781       2.1094
 2.5781       2.1094
 2.5781       2.1094
 2.5781       2.1094
 2.5781       2.1094
 2.5781       2.1094
 2.5781       2.1094
 2.5781       2.1094
 2.5781       2.1094
 2.5781       2.1094
 2.5781       2.1094
 2.5781       2.1094
 2.5781       2.1094
 2.5781       2.1094
 2.5781       2.1094
 2.5781       2.1094
 2.5781       2.1094
 2.5781       2.1094
 2.5781       2.1094
 2.5781       2.1094
 2.5781       2.1094
 2.5781       2.1094
 2.5781       2.1094
 2.5781       2.1094
 2.5781       2.1094
 2.5781       2.1094
 2.5781       2.1094
 2.5781       2.1094
 2.5781       2.1094
 2.5781       2.1094
 2.5781       2.1094
 2.5781       2.1094
 2.5781       2.1094
 2.5781       2.1094
 2.5781       2.1094
 2.5781       2.1094
 2.5781       2.1094
 2.5781       2.1094
 2.5781       2.1094
 2.5781       2.1094
 2.5781       2.1094
 2.5781       2.1094
 2.5781       2.1094
 2.5781       2.1094
 2.5781       2.1094
 2.5781       2.1094
 2.5781       2.1094
 2.5781       2.1094
 2.5781       2.1094
 2.5781       2.1094
 2.5781       2.1094
 2.5781       2.1094
 2.5781       2.1094
 2.5781       2.1094
 2.5781       2.1094
 2.5781       2.1094
 2.5781       2.1094
 2.5781       2.1094
 2.5781       2.1094
 2.5781       2.1094
 2.5781       2.1094
 2.5781       2.1094
 2.5781       2.1094
 2.5781       2.1094
 2.5781       2.1094
 2.5781       2.1094
 2.5781       2.1094
 2.5781       2.1094
 2.5781       2.1094
 2.5781       2.1094
 2.5781       2.1094
 2.5781       2.1094
 2.5781       2.1094
 2.5781       2.1094
 2.5781       2.1094
 2.5781       2.1094
 2.5781       2.1094
 2.5781       2.1094
 2.5781       2.1094
 2.5781       2.1094
 2.5781       2.1094
 2.5781       2.1094
 2.5781       2.1094
 2.5781       2.1094
 2.5781       2.1094
 2.5781       2.1094
 2.5781       2.1094
 2.5781       2.1094
 2.5781       2.1094
 2.5781       2.1094
 2.5781       2.1094
 2.5781       2.1094
 2.5781       2.1094
 2.5781       2.1094
 2.5781       2.1094
 2.5781       2.1094
 2.5781       2.1094
 2.5781       2.1094
 2.5781       2.1094
 2.5781       2.1094
 2.5781       2.1094
 2.5781       2.1094
 2.5781       2.1094
 2.5781       2.1563
 2.5781       2.1094
 2.5781       2.1094
 2.5781       2.1563
 2.5781       2.1094
 2.5781       2.1563
 2.5781       2.1563
 2.5781       2.1563
 2.5781       2.1094
 2.5781       2.1094
 2.5781       2.1094
 2.5781       2.1563
 2.5781       2.1563
 2.5781       2.1563
 2.5781       2.1563
 2.5781       2.1094
 2.5781       2.1563
 2.5781       2.1563
 2.5781       2.1563
 2.5781       2.1563
 2.5781       2.1563
 2.5781       2.1094
 2.5781       2.1563
 2.5781       2.1094
 2.5781       2.1563
 2.5781       2.1563
 2.5781       2.1563
 2.5781       2.1563
 2.5781       2.1563
 2.5781       2.1563
 2.5781       2.1563
 2.5781       2.1563
 2.5781       2.1563
 2.5781       2.1563
 2.5781       2.1563
 2.5781       2.1563
 2.5781       2.1563
 2.5781       2.1563
 2.5781       2.1563
 2.5781       2.1563
 2.5781       2.1563
 2.5781       2.1563
 2.5781       2.1563
 2.5781       2.1563
 2.5781       2.1563
 2.5781       2.1563
 2.5781       2.1563
 2.5781       2.1563
 2.5781       2.1563
 2.5781       2.1563
 2.5781       2.1563
 2.5781       2.1563
 2.5781       2.1563
 2.5781       2.1563
 2.5781       2.1563
 2.5781       2.1563
 2.5781       2.1563
 2.5781       2.1563
 2.5781       2.1563
 2.5781       2.1563
 2.5781       2.1563
 2.5781       2.1563
 2.5781       2.1563
 2.5781       2.1563
 2.5781       2.1563
 2.5781       2.1563
 2.5781       2.1563
 2.5781       2.1563
 2.5781       2.1563
 2.5781       2.1563
 2.5781       2.1563
 2.5781       2.1563
 2.5781       2.1563
 2.5781       2.1563
 2.5781       2.1563
 2.5781       2.1563
 2.5781       2.1563
 2.5781       2.1563
 2.5781       2.1563
 2.5781       2.1563
 2.5781       2.1563
 2.5781       2.1563
 2.5781       2.1563
 2.5781       2.1563
 2.5781       2.1563
 2.5781       2.1563
 2.5781       2.1563
 2.5781       2.1563
 2.5781       2.1563
 2.5781       2.1563
 2.5781       2.1563
 2.5781       2.1563
 2.5781       2.1563
 2.5781       2.1563
 2.5781       2.1563
 2.5781       2.1563
 2.5781       2.1563
 2.5781       2.1563
 2.5781       2.1563
 2.5781       2.1563
 2.5781       2.1563
 2.5781       2.1563
 2.5781       2.1563
 2.5781       2.1563
 2.5781       2.1563
 2.5781       2.1563
 2.5781       2.1563
 2.5781       2.1563
 2.5781       2.1563
 2.5781       2.1563
 2.5781       2.1563
 2.5781       2.1563
 2.5781       2.1563
 2.5781       2.1563
 2.5781       2.1563
 2.5781       2.1563
 2.5781       2.1563
 2.5781       2.1563
 2.5781       2.1563
 2.5781       2.1563
 2.5781       2.1563
 2.5781       2.1563
 2.5781       2.1563
 2.5781       2.1563
 2.5781       2.1563
 2.5781       2.1563
 2.5781       2.1563
 2.5781       2.1563
 2.5781       2.1563
 2.5781       2.1563
 2.5781       2.1563
 2.5781       2.1563
 2.5781       2.1563
 2.5781       2.1563
 2.5781       2.1563
 2.5781       2.1563
 2.5781       2.1563
 2.5781       2.1563
 2.5781       2.1563
 2.5781       2.1563
 2.5781       2.1563
 2.5781       2.1563
 2.5781       2.1563
 2.5781       2.1563
 2.5781       2.1563
 2.5781       2.1563
 2.5781       2.1563
 2.5781       2.1563
 2.5781       2.1563
 2.5781       2.1563
 2.5781       2.1563
 2.5781       2.1563
 2.5781       2.1563
 2.5781       2.1563
 2.5781       2.1563
 2.5781       2.1563
 2.5781       2.1563
 2.5781       2.1563
 2.5781       2.1563
 2.5781       2.1563
 2.5781       2.1563
 2.5781       2.1563
 2.5781       2.1563
 2.5781       2.1563
 2.5781       2.1563
 2.5781       2.1563
 2.5781       2.1563
 2.5781       2.1563
 2.5781       2.1563
 2.5781       2.1563
 2.5781       2.1563
 2.6250       2.1563
 2.6250       2.1563
 2.6250       2.1563
 2.6250       2.1563
 2.6250       2.1563
 2.6250       2.1563
 2.6250       2.1563
 2.6250       2.1563
 2.6250       2.1563
 2.6250       2.1563
 2.6250       2.1563
 2.6250       2.1563
 2.6250       2.1563
 2.6250       2.1563
 2.6250       2.1563
 2.6250       2.1563
 2.6250       2.1563
 2.6250       2.1563
 2.6250       2.1563
 2.6250       2.1563
 2.6250       2.1563
 2.6250       2.1563
 2.6250       2.1563
 2.6250       2.1563
 2.6250       2.1563
 2.6250       2.1563
 2.6250       2.1563
 2.6250       2.1563
 2.6250       2.1563
 2.6250       2.1563
 2.6250       2.1563
 2.6250       2.1563
 2.6250       2.1563
 2.6250       2.1563
 2.6250       2.1563
 2.6250       2.1563
 2.6250       2.1563
 2.6250       2.1563
 2.6250       2.1563
 2.6250       2.1563
 2.6250       2.1563
 2.6250       2.1563
 2.6250       2.1563
 2.6250       2.1563
 2.6250       2.1563
 2.6250       2.1563
 2.6250       2.1563
 2.6250       2.1563
 2.6250       2.1563
 2.6250       2.1563
 2.6250       2.1563
 2.6250       2.1563
 2.6250       2.1563
 2.6250       2.1563
 2.6250       2.1563
 2.6250       2.1563
 2.6250       2.1563
 2.6250       2.1563
 2.6250       2.1563
 2.6250       2.1563
 2.6250       2.1563
 2.6250       2.1563
 2.6250       2.1563
 2.6250       2.1563
 2.6250       2.1563
 2.6250       2.1563
 2.6250       2.1563
 2.6250       2.1563
 2.6250       2.1563
 2.6250       2.1563
 2.6250       2.1563
 2.6250       2.1563
 2.6250       2.1563
 2.6250       2.1563
 2.6250       2.1563
 2.6250       2.1563
 2.6250       2.1563
 2.6250       2.1563
 2.6250       2.1563
 2.6250       2.1563
 2.6250       2.1563
 2.6250       2.1563
 2.6250       2.1563
 2.6250       2.1563
 2.6250       2.2031
 2.6250       2.2031
 2.6250       2.2031
 2.6250       2.2031
 2.6250       2.2031
 2.6250       2.1563
 2.6250       2.2031
 2.6250       2.2031
 2.6250       2.2031
 2.6250       2.2031
 2.6250       2.2031
 2.6250       2.2031
 2.6250       2.2031
 2.6250       2.2031
 2.6250       2.2031
 2.6250       2.2031
 2.6250       2.2031
 2.6250       2.2031
 2.6250       2.2031
 2.6250       2.2031
 2.6250       2.2031
 2.6250       2.2031
 2.6250       2.2031
 2.6250       2.2031
 2.6250       2.2031
 2.6250       2.2031
 2.6250       2.2031
 2.6250       2.2031
 2.6250       2.2031
 2.6250       2.2031
 2.6250       2.2031
 2.6250       2.2031
 2.6250       2.2031
 2.6250       2.2031
 2.6250       2.2031
 2.6250       2.2031
 2.6250       2.2031
 2.6250       2.2031
 2.6250       2.2031
 2.6250       2.2031
 2.6250       2.2031
 2.6250       2.2031
 2.6250       2.2031
 2.6250       2.2031
 2.6250       2.2031
 2.6250       2.2031
 2.6250       2.2031
 2.6250       2.2031
 2.6250       2.2031
 2.6250       2.2031
 2.6250       2.2031
 2.6250       2.2031
 2.6250       2.2031
 2.6250       2.2031
 2.6250       2.2031
 2.6250       2.2031
 2.6250       2.2031
 2.6250       2.2031
 2.6250       2.2031
 2.6250       2.2031
 2.6250       2.2031
 2.6250       2.2031
 2.6250       2.2031
 2.6250       2.2031
 2.6250       2.2031
 2.6250       2.2031
 2.6250       2.2031
 2.6250       2.2031
 2.6250       2.2031
 2.6250       2.2031
 2.6250       2.2031
 2.6250       2.2031
 2.6250       2.2031
 2.6250       2.2031
 2.6250       2.2031
 2.6250       2.2031
 2.6250       2.2031
 2.6250       2.2031
 2.6250       2.2031
 2.6250       2.2031
 2.6250       2.2031
 2.6250       2.2031
 2.6250       2.2031
 2.6250       2.2031
 2.6250       2.2031
 2.6250       2.2031
 2.6250       2.2031
 2.6250       2.2031
 2.6250       2.2031
 2.6250       2.2031
 2.6250       2.2031
 2.6250       2.2031
 2.6250       2.2031
 2.6250       2.2031
 2.6250       2.2031
 2.6250       2.2031
 2.6250       2.2031
 2.6250       2.2031
 2.6250       2.2031
 2.6250       2.2031
 2.6250       2.2031
 2.6250       2.2031
 2.6250       2.2031
 2.6250       2.2031
 2.6250       2.2031
 2.6250       2.2031
 2.6250       2.2031
 2.6250       2.2031
 2.6250       2.2031
 2.6250       2.2031
 2.6250       2.2031
 2.6250       2.2031
 2.6250       2.2031
 2.6250       2.2031
 2.6250       2.2031
 2.6250       2.2031
 2.6250       2.2031
 2.6250       2.2031
 2.6250       2.2031
 2.6250       2.2031
 2.6250       2.2031
 2.6250       2.2031
 2.6250       2.2031
 2.6250       2.2031
 2.6250       2.2031
 2.6250       2.2031
 2.6250       2.2031
 2.6250       2.2031
 2.6250       2.2031
 2.6250       2.2031
 2.6250       2.2031
 2.6250       2.2031
 2.6250       2.2031
 2.6250       2.2031
 2.6250       2.2031
 2.6250       2.2031
 2.6250       2.2031
 2.6250       2.2031
 2.6250       2.2031
 2.6250       2.2031
 2.6250       2.2031
 2.6250       2.2031
 2.6250       2.2031
 2.6250       2.2031
 2.6250       2.2031
 2.6250       2.2031
 2.6250       2.2031
 2.6250       2.2031
 2.6250       2.2031
 2.6250       2.2031
 2.6250       2.2031
 2.6250       2.2031
 2.6250       2.2031
 2.6250       2.2031
 2.6250       2.2031
 2.6250       2.2031
 2.6250       2.2031
 2.6250       2.2031
 2.6250       2.2031
 2.6250       2.2031
 2.6250       2.2031
 2.6250       2.2031
 2.6250       2.2031
 2.6250       2.2031
 2.6250       2.2031
 2.6250       2.2031
 2.6250       2.2031
 2.6250       2.2031
 2.6250       2.2031
 2.6250       2.2031
 2.6250       2.2031
 2.6250       2.2031
 2.6250       2.2031
 2.6250       2.2031
 2.6250       2.2031
 2.6250       2.2031
 2.6250       2.2031
 2.6250       2.2031
 2.6250       2.2031
 2.6250       2.2031
 2.6250       2.2031
 2.6250       2.2031
 2.6250       2.2031
 2.6250       2.2031
 2.6250       2.2031
 2.6250       2.2031
 2.6250       2.2031
 2.6250       2.2031
 2.6250       2.2031
 2.6250       2.2031
 2.6250       2.2031
 2.6250       2.2031
 2.6250       2.2031
 2.6250       2.2031
 2.6250       2.2031
 2.6250       2.2031
 2.6250       2.2031
 2.6250       2.2031
 2.6250       2.2031
 2.6250       2.2031
 2.6250       2.2031
 2.6250       2.2031
 2.6250       2.2031
 2.6250       2.2031
 2.6250       2.2031
 2.6250       2.2031
 2.6250       2.2031
 2.6250       2.2031
 2.6250       2.2031
 2.6250       2.2031
 2.6250       2.2031
 2.6250       2.2031
 2.6250       2.2031
 2.6250       2.2031
 2.6250       2.2031
 2.6250       2.2031
 2.6250       2.2031
 2.6250       2.2031
 2.6250       2.2031
 2.6250       2.2031
 2.6250       2.2031
 2.6250       2.2031
 2.6250       2.2031
 2.6250       2.2031
 2.6250       2.2031
 2.6250       2.2031
 2.6250       2.2031
 2.6250       2.2031
 2.6250       2.2031
 2.6250       2.2031
 2.6250       2.2031
 2.6250       2.2031
 2.6250       2.2031
 2.6250       2.2031
 2.6250       2.2031
 2.6250       2.2031
 2.6250       2.2031
 2.6250       2.2031
 2.6250       2.2031
 2.6250       2.2031
 2.6250       2.2031
 2.6250       2.2031
 2.6250       2.2031
 2.6250       2.2031
 2.6250       2.2031
 2.6250       2.2031
 2.6250       2.2031
 2.6250       2.2031
 2.6250       2.2031
 2.6250       2.2031
 2.6250       2.2031
 2.6250       2.2031
 2.6250       2.2031
 2.6250       2.2031
 2.6250       2.2031
 2.6250       2.2031
 2.6250       2.2031
 2.6250       2.2031
 2.6250       2.2031
 2.6250       2.2031
 2.6250       2.2031
 2.6250       2.2031
 2.6250       2.2031
 2.6250       2.2031
 2.6250       2.2031
 2.6250       2.2031
 2.6250       2.2031
 2.6250       2.2031
 2.6250       2.2031
 2.6250       2.2031
 2.6250       2.2031
 2.6250       2.2031
 2.6250       2.2031
 2.6250       2.2031
 2.6250       2.2031
 2.6250       2.2031
 2.6250       2.2031
 2.6250       2.2031
 2.6250       2.2031
 2.6250       2.2031
 2.6250       2.2031
 2.6250       2.2031
 2.6250       2.2031
 2.6250       2.2031
 2.6250       2.2031
 2.6250       2.2031
 2.6250       2.2031
 2.6250       2.2031
 2.6250       2.2031
 2.6250       2.2031
 2.6250       2.2031
 2.6250       2.2031
 2.6250       2.2031
 2.6250       2.2031
 2.6250       2.2031
 2.6250       2.2031
 2.6250       2.2031
 2.6250       2.2031
 2.6250       2.2031
 2.6250       2.2031
 2.6250       2.2031
 2.6250       2.2031
 2.6250       2.2031
 2.6250       2.2031
 2.6250       2.2031
 2.6250       2.2031
 2.6250       2.2031
 2.6250       2.2031
 2.6250       2.2031
 2.6250       2.2031
 2.6250       2.2031
 2.6250       2.2031
 2.6250       2.2031
 2.6250       2.2031
 2.6250       2.2031
 2.6250       2.2031
 2.6250       2.2031
 2.6250       2.2031
 2.6250       2.2031
 2.6250       2.2031
 2.6250       2.2031
 2.6250       2.2031
 2.6250       2.2031
 2.6250       2.2031
 2.6719       2.2031
 2.6250       2.2031
 2.6250       2.2031
 2.6250       2.2031
 2.6250       2.2031
 2.6250       2.2031
 2.6250       2.2031
 2.6250       2.2031
 2.6250       2.2031
 2.6250       2.2031
 2.6250       2.2031
 2.6250       2.2031
 2.6250       2.2031
 2.6250       2.2031
 2.6250       2.2031
 2.6250       2.2031
 2.6250       2.2031
 2.6250       2.2031
 2.6719       2.2031
 2.6250       2.2031
 2.6250       2.2031
 2.6250       2.2031
 2.6250       2.2031
 2.6719       2.2031
 2.6250       2.2031
 2.6250       2.2031
 2.6250       2.2031
 2.6250       2.2031
 2.6719       2.2031
 2.6250       2.2031
 2.6250       2.2031
 2.6250       2.2031
 2.6719       2.2031
 2.6250       2.2031
 2.6250       2.2031
 2.6250       2.2031
 2.6250       2.2031
 2.6250       2.2031
 2.6719       2.2031
 2.6719       2.2031
 2.6719       2.2031
 2.6719       2.2031
 2.6719       2.2031
 2.6250       2.2031
 2.6719       2.2031
 2.6719       2.2031
 2.6719       2.2031
 2.6719       2.2031
 2.6719       2.2031
 2.6719       2.2031
 2.6719       2.2031
 2.6719       2.2031
 2.6719       2.2031
 2.6719       2.2031
 2.6719       2.2031
 2.6719       2.2031
 2.6719       2.2031
 2.6719       2.2031
 2.6719       2.2500
 2.6719       2.2031
 2.6719       2.2031
 2.6719       2.2031
 2.6719       2.2031
 2.6719       2.2031
 2.6719       2.2031
 2.6719       2.2031
 2.6719       2.2500
 2.6719       2.2031
 2.6719       2.2500
 2.6719       2.2031
 2.6719       2.2031
 2.6719       2.2031
 2.6719       2.2031
 2.6719       2.2031
 2.6719       2.2031
 2.6719       2.2031
 2.6719       2.2031
 2.6719       2.2031
 2.6719       2.2500
 2.6719       2.2031
 2.6719       2.2031
 2.6719       2.2031
 2.6719       2.2500
 2.6719       2.2500
 2.6719       2.2031
 2.6719       2.2500
 2.6719       2.2031
 2.6719       2.2031
 2.6719       2.2500
 2.6719       2.2031
 2.6719       2.2031
 2.6719       2.2500
 2.6719       2.2500
 2.6719       2.2500
 2.6719       2.2500
 2.6719       2.2500
 2.6719       2.2500
 2.6719       2.2500
 2.6719       2.2500
 2.6719       2.2500
 2.6719       2.2500
 2.6719       2.2500
 2.6719       2.2500
 2.6719       2.2500
 2.6719       2.2500
 2.6719       2.2500
 2.6719       2.2500
 2.6719       2.2500
 2.6719       2.2500
 2.6719       2.2500
 2.6719       2.2500
 2.6719       2.2500
 2.6719       2.2500
 2.6719       2.2500
 2.6719       2.2500
 2.6719       2.2500
 2.6719       2.2500
 2.6719       2.2500
 2.6719       2.2500
 2.6719       2.2500
 2.6719       2.2500
 2.6719       2.2500
 2.6719       2.2500
 2.6719       2.2500
 2.6719       2.2500
 2.6719       2.2500
 2.6719       2.2500
 2.6719       2.2500
 2.6719       2.2500
 2.6719       2.2500
 2.6719       2.2500
 2.6719       2.2500
 2.6719       2.2500
 2.6719       2.2500
 2.6719       2.2500
 2.6719       2.2500
 2.6719       2.2500
 2.6719       2.2500
 2.6719       2.2500
 2.6719       2.2500
 2.6719       2.2500
 2.6719       2.2500
 2.6719       2.2500
 2.6719       2.2500
 2.6719       2.2500
 2.6719       2.2500
 2.6719       2.2500
 2.6719       2.2500
 2.6719       2.2500
 2.6719       2.2500
 2.6719       2.2500
 2.6719       2.2500
 2.6719       2.2500
 2.6719       2.2500
 2.6719       2.2500
 2.6719       2.2500
 2.6719       2.2500
 2.6719       2.2500
 2.6719       2.2500
 2.6719       2.2500
 2.6719       2.2500
 2.6719       2.2500
 2.6719       2.2500
 2.6719       2.2500
 2.6719       2.2500
 2.6719       2.2500
 2.6719       2.2500
 2.6719       2.2500
 2.6719       2.2500
 2.6719       2.2500
 2.6719       2.2500
 2.6719       2.2500
 2.6719       2.2500
 2.6719       2.2500
 2.6719       2.2500
 2.6719       2.2500
 2.6719       2.2500
 2.6719       2.2500
 2.6719       2.2500
 2.6719       2.2500
 2.6719       2.2500
 2.6719       2.2500
 2.6719       2.2500
 2.6719       2.2500
 2.6719       2.2500
 2.6719       2.2500
 2.6719       2.2500
 2.6719       2.2500
 2.6719       2.2500
 2.6719       2.2500
 2.6719       2.2500
 2.6719       2.2500
 2.6719       2.2500
 2.6719       2.2500
 2.6719       2.2500
 2.6719       2.2500
 2.6719       2.2500
 2.6719       2.2500
 2.6719       2.2500
 2.6719       2.2500
 2.6719       2.2500
 2.6719       2.2500
 2.6719       2.2500
 2.6719       2.2500
 2.6719       2.2500
 2.6719       2.2500
 2.6719       2.2500
 2.6719       2.2500
 2.6719       2.2500
 2.6719       2.2500
 2.6719       2.2500
 2.6719       2.2500
 2.6719       2.2500
 2.6719       2.2500
 2.6719       2.2500
 2.6719       2.2500
 2.6719       2.2500
 2.6719       2.2500
 2.6719       2.2500
 2.6719       2.2500
 2.6719       2.2500
 2.6719       2.2500
 2.6719       2.2500
 2.6719       2.2500
 2.6719       2.2500
 2.6719       2.2500
 2.6719       2.2500
 2.6719       2.2500
 2.6719       2.2500
 2.6719       2.2500
 2.6719       2.2500
 2.6719       2.2500
 2.6719       2.2500
 2.6719       2.2500
 2.6719       2.2500
 2.6719       2.2500
 2.6719       2.2500
 2.6719       2.2500
 2.6719       2.2500
 2.6719       2.2500
 2.6719       2.2500
 2.6719       2.2500
 2.6719       2.2500
 2.6719       2.2500
 2.6719       2.2500
 2.6719       2.2500
 2.6719       2.2500
 2.6719       2.2500
 2.6719       2.2500
 2.6719       2.2500
 2.6719       2.2500
 2.6719       2.2500
 2.6719       2.2500
 2.6719       2.2500
 2.6719       2.2500
 2.6719       2.2500
 2.6719       2.2500
 2.6719       2.2500
 2.6719       2.2500
 2.6719       2.2500
 2.6719       2.2500
 2.6719       2.2500
 2.6719       2.2500
 2.6719       2.2500
 2.6719       2.2500
 2.6719       2.2500
 2.6719       2.2500
 2.6719       2.2500
 2.6719       2.2500
 2.6719       2.2500
 2.6719       2.2500
 2.6719       2.2500
 2.6719       2.2500
 2.6719       2.2500
 2.6719       2.2500
 2.6719       2.2500
 2.6719       2.2500
 2.6719       2.2500
 2.6719       2.2500
 2.6719       2.2500
 2.6719       2.2500
 2.6719       2.2500
 2.6719       2.2500
 2.6719       2.2500
 2.6719       2.2500
 2.6719       2.2500
 2.6719       2.2500
 2.6719       2.2500
 2.6719       2.2500
 2.6719       2.2500
 2.6719       2.2500
 2.6719       2.2500
 2.6719       2.2500
 2.6719       2.2500
 2.6719       2.2500
 2.6719       2.2500
 2.6719       2.2500
 2.6719       2.2500
 2.6719       2.2500
 2.6719       2.2500
 2.6719       2.2500
 2.6719       2.2500
 2.6719       2.2500
 2.6719       2.2500
 2.6719       2.2500
 2.6719       2.2500
 2.6719       2.2500
 2.6719       2.2500
 2.6719       2.2500
 2.6719       2.2500
 2.6719       2.2500
 2.6719       2.2500
 2.6719       2.2500
 2.6719       2.2500
 2.6719       2.2500
 2.6719       2.2500
 2.6719       2.2500
 2.6719       2.2500
 2.6719       2.2500
 2.6719       2.2500
 2.6719       2.2500
 2.6719       2.2500
 2.6719       2.2500
 2.6719       2.2500
 2.6719       2.2500
 2.6719       2.2500
 2.6719       2.2500
 2.6719       2.2500
 2.6719       2.2500
 2.6719       2.2500
 2.6719       2.2500
 2.6719       2.2500
 2.6719       2.2500
 2.6719       2.2500
 2.6719       2.2500
 2.6719       2.2500
 2.6719       2.2500
 2.6719       2.2500
 2.6719       2.2500
 2.6719       2.2500
 2.6719       2.2500
 2.6719       2.2500
 2.6719       2.2500
 2.6719       2.2500
 2.6719       2.2500
 2.6719       2.2500
 2.6719       2.2500
 2.6719       2.2500
 2.6719       2.2500
 2.6719       2.2500
 2.6719       2.2500
 2.6719       2.2500
 2.6719       2.2500
 2.6719       2.2500
 2.6719       2.2500
 2.6719       2.2500
 2.6719       2.2500
 2.6719       2.2500
 2.6719       2.2500
 2.6719       2.2500
 2.6719       2.2500
 2.6719       2.2500
 2.6719       2.2500
 2.6719       2.2500
 2.6719       2.2500
 2.6719       2.2500
 2.6719       2.2500
 2.6719       2.2500
 2.6719       2.2500
 2.6719       2.2500
 2.6719       2.2500
 2.6719       2.2500
 2.6719       2.2500
 2.6719       2.2500
 2.6719       2.2500
 2.6719       2.2500
 2.6719       2.2500
 2.6719       2.2500
 2.6719       2.2500
 2.6719       2.2500
 2.6719       2.2500
 2.6719       2.2500
 2.6719       2.2500
 2.6719       2.2500
 2.6719       2.2500
 2.6719       2.2500
 2.6719       2.2500
 2.6719       2.2500
 2.6719       2.2500
 2.6719       2.2500
 2.6719       2.2500
 2.6719       2.2500
 2.6719       2.2500
 2.6719       2.2500
 2.6719       2.2500
 2.6719       2.2500
 2.6719       2.2500
 2.6719       2.2500
 2.6719       2.2500
 2.6719       2.2500
 2.6719       2.2500
 2.6719       2.2500
 2.6719       2.2500
 2.6719       2.2500
 2.6719       2.2500
 2.6719       2.2500
 2.6719       2.2500
 2.6719       2.2500
 2.6719       2.2500
 2.6719       2.2500
 2.6719       2.2500
 2.6719       2.2500
 2.6719       2.2500
 2.6719       2.2500
 2.6719       2.2500
 2.6719       2.2500
 2.6719       2.2500
 2.6719       2.2500
 2.6719       2.2500
 2.6719       2.2500
 2.6719       2.2500
 2.6719       2.2500
 2.6719       2.2500
 2.6719       2.2500
 2.6719       2.2500
 2.6719       2.2500
 2.6719       2.2500
 2.6719       2.2500
 2.6719       2.2500
 2.6719       2.2500
 2.6719       2.2500
 2.6719       2.2500
 2.6719       2.2500
 2.6719       2.2500
 2.6719       2.2500
 2.6719       2.2500
 2.6719       2.2500
 2.6719       2.2500
 2.6719       2.2500
 2.6719       2.2500
 2.6719       2.2500
 2.6719       2.2500
 2.6719       2.2500
 2.6719       2.2500
 2.6719       2.2500
 2.6719       2.2500
 2.6719       2.2500
 2.6719       2.2500
 2.6719       2.2500
 2.6719       2.2500
 2.6719       2.2500
 2.6719       2.2500
 2.6719       2.2500
 2.6719       2.2500
 2.6719       2.2500
 2.6719       2.2500
 2.6719       2.2500
 2.6719       2.2500
 2.6719       2.2500
 2.6719       2.2500
 2.6719       2.2500
 2.6719       2.2500
 2.6719       2.2500
 2.6719       2.2500
 2.6719       2.2500
 2.6719       2.2500
 2.6719       2.2500
 2.6719       2.2500
 2.6719       2.2500
 2.6719       2.2500
 2.6719       2.2500
 2.6719       2.2500
 2.6719       2.2500
 2.6719       2.2500
 2.6719       2.2500
 2.6719       2.2500
 2.6719       2.2500
 2.6719       2.2500
 2.6719       2.2500
 2.6719       2.2500
 2.6719       2.2500
 2.6719       2.2500
 2.6719       2.2500
 2.6719       2.2500
 2.6719       2.2500
 2.6719       2.2500
 2.6719       2.2500
 2.6719       2.2500
 2.6719       2.2500
 2.6719       2.2500
 2.6719       2.2500
 2.6719       2.2500
 2.6719       2.2500
 2.6719       2.2500
 2.6719       2.2500
 2.6719       2.2500
 2.6719       2.2500
 2.6719       2.2500
 2.6719       2.2500
 2.6719       2.2500
 2.6719       2.2500
 2.6719       2.2500
 2.6719       2.2500
 2.6719       2.2500
 2.6719       2.2500
 2.6719       2.2500
 2.6719       2.2500
 2.6719       2.2500
 2.6719       2.2500
 2.6719       2.2500
 2.6719       2.2500
 2.6719       2.2500
 2.6719       2.2500
 2.6719       2.2500
 2.6719       2.2500
 2.6719       2.2500
 2.6719       2.2500
 2.6719       2.2500
 2.6719       2.2500
 2.6719       2.2500
 2.6719       2.2500
 2.6719       2.2500
 2.6719       2.2500
 2.6719       2.2500
 2.6719       2.2500
 2.6719       2.2500
 2.6719       2.2500
 2.6719       2.2500
 2.6719       2.2500
 2.6719       2.2500
 2.6719       2.2500
 2.6719       2.2500
 2.6719       2.2500
 2.6719       2.2500
 2.6719       2.2500
 2.6719       2.2500
 2.6719       2.2500
 2.6719       2.2500
 2.6719       2.2500
 2.6719       2.2500
 2.6719       2.2500
 2.6719       2.2500
 2.6719       2.2500
 2.6719       2.2500
 2.6719       2.2500
 2.6719       2.2500
 2.6719       2.2500
 2.6719       2.2500
 2.6719       2.2500
 2.6719       2.2500
 2.6719       2.2500
 2.6719       2.2500
 2.6719       2.2969
 2.6719       2.2500
 2.6719       2.2500
 2.6719       2.2500
 2.6719       2.2969
 2.6719       2.2500
 2.6719       2.2500
 2.6719       2.2500
 2.6719       2.2500
 2.6719       2.2500
 2.6719       2.2500
 2.6719       2.2969
 2.6719       2.2969
 2.6719       2.2969
 2.6719       2.2969
 2.6719       2.2969
 2.6719       2.2969
 2.6719       2.2969
 2.6719       2.2969
 2.6719       2.2969
 2.6719       2.2969
 2.6719       2.2969
 2.6719       2.2969
 2.6719       2.2969
 2.6719       2.2969
 2.6719       2.2969
 2.6719       2.2969
 2.6719       2.2969
 2.6719       2.2500
 2.6719       2.2969
 2.7188       2.2969
 2.6719       2.2969
 2.6719       2.2969
 2.6719       2.2969
 2.6719       2.2969
 2.6719       2.2969
 2.6719       2.2969
 2.6719       2.2969
 2.6719       2.2969
 2.6719       2.2969
 2.6719       2.2969
 2.6719       2.2969
 2.6719       2.2969
 2.6719       2.2969
 2.6719       2.2969
 2.7188       2.2969
 2.7188       2.2969
 2.6719       2.2969
 2.6719       2.2969
 2.6719       2.2969
 2.6719       2.2969
 2.7188       2.2969
 2.6719       2.2969
 2.6719       2.2969
 2.6719       2.2969
 2.6719       2.2969
 2.6719       2.2969
 2.6719       2.2969
 2.6719       2.2969
 2.6719       2.2969
 2.6719       2.2969
 2.6719       2.2969
 2.6719       2.2969
 2.6719       2.2969
 2.7188       2.2969
 2.6719       2.2969
 2.6719       2.2969
 2.6719       2.2969
 2.6719       2.2969
 2.6719       2.2969
 2.6719       2.2969
 2.6719       2.2969
 2.6719       2.2969
 2.6719       2.2969
 2.6719       2.2969
 2.6719       2.2969
 2.6719       2.2969
 2.6719       2.2969
 2.6719       2.2969
 2.6719       2.2969
 2.6719       2.2969
 2.6719       2.2969
 2.6719       2.2969
 2.6719       2.2969
 2.6719       2.2969
 2.6719       2.2969
 2.6719       2.2969
 2.6719       2.2969
 2.6719       2.2969
 2.6719       2.2969
 2.6719       2.2969
 2.6719       2.2969
 2.6719       2.2969
 2.6719       2.2969
 2.6719       2.2969
 2.6719       2.2969
 2.6719       2.2969
 2.6719       2.2969
 2.7188       2.2969
 2.6719       2.2969
 2.6719       2.2969
 2.6719       2.2969
 2.6719       2.2969
 2.6719       2.2969
 2.6719       2.2969
 2.6719       2.2969
 2.6719       2.2969
 2.6719       2.2969
 2.6719       2.2969
 2.6719       2.2969
 2.6719       2.2969
 2.6719       2.2969
 2.6719       2.2969
 2.6719       2.2969
 2.6719       2.2969
 2.6719       2.2969
 2.7188       2.2969
 2.6719       2.2969
 2.6719       2.2969
 2.6719       2.2969
 2.6719       2.2969
 2.6719       2.2969
 2.6719       2.2969
 2.6719       2.2969
 2.6719       2.2969
 2.6719       2.2969
 2.6719       2.2969
 2.6719       2.2969
 2.6719       2.2969
 2.6719       2.2969
 2.6719       2.2969
 2.6719       2.2969
 2.6719       2.2969
 2.6719       2.2969
 2.6719       2.2969
 2.6719       2.2969
 2.6719       2.2969
 2.6719       2.2969
 2.6719       2.2969
 2.6719       2.2969
 2.6719       2.2969
 2.6719       2.2969
 2.6719       2.2969
 2.6719       2.2969
 2.7188       2.2969
 2.7188       2.2969
 2.7188       2.2969
 2.6719       2.2969
 2.6719       2.2969
 2.7188       2.2969
 2.7188       2.2969
 2.7188       2.2969
 2.6719       2.2969
 2.7188       2.2969
 2.7188       2.2969
 2.6719       2.2969
 2.7188       2.2969
 2.7188       2.2969
 2.7188       2.2969
 2.7188       2.2969
 2.7188       2.2969
 2.7188       2.2969
 2.7188       2.2969
 2.7188       2.2969
 2.7188       2.2969
 2.6719       2.2969
 2.7188       2.2969
 2.6719       2.2969
 2.6719       2.2969
 2.6719       2.2969
 2.7188       2.2969
 2.7188       2.2969
 2.7188       2.2969
 2.7188       2.2969
 2.7188       2.2969
 2.7188       2.2969
 2.7188       2.2969
 2.7188       2.2969
 2.7188       2.2969
 2.7188       2.2969
 2.7188       2.2969
 2.7188       2.2969
 2.7188       2.2969
 2.7188       2.2969
 2.7188       2.2969
 2.7188       2.2969
 2.7188       2.2969
 2.7188       2.2969
 2.7188       2.2969
 2.7188       2.2969
 2.7188       2.2969
 2.7188       2.2969
 2.7188       2.2969
 2.7188       2.2969
 2.7188       2.2969
 2.7188       2.2969
 2.7188       2.2969
 2.7188       2.2969
 2.7188       2.2969
 2.7188       2.2969
 2.7188       2.2969
 2.7188       2.2969
 2.7188       2.2969
 2.7188       2.2969
 2.7188       2.2969
 2.7188       2.2969
 2.7188       2.2969
 2.7188       2.2969
 2.7188       2.2969
 2.7188       2.2969
 2.7188       2.2969
 2.7188       2.2969
 2.7188       2.2969
 2.7188       2.2969
 2.7188       2.2969
 2.7188       2.2969
 2.7188       2.2969
 2.7188       2.2969
 2.7188       2.2969
 2.7188       2.2969
 2.7188       2.2969
 2.7188       2.2969
 2.7188       2.2969
 2.7188       2.2969
 2.7188       2.2969
 2.7188       2.2969
 2.7188       2.2969
 2.7188       2.2969
 2.7188       2.2969
 2.7188       2.2969
 2.7188       2.2969
 2.7188       2.2969
 2.7188       2.2969
 2.7188       2.2969
 2.7188       2.2969
 2.7188       2.2969
 2.7188       2.2969
 2.7188       2.2969
 2.7188       2.2969
 2.7188       2.2969
 2.7188       2.2969
 2.7188       2.2969
 2.7188       2.2969
 2.7188       2.2969
 2.7188       2.2969
 2.7188       2.2969
 2.7188       2.2969
 2.7188       2.2969
 2.7188       2.2969
 2.7188       2.2969
 2.7188       2.2969
 2.7188       2.2969
 2.7188       2.2969
 2.7188       2.2969
 2.7188       2.2969
 2.7188       2.2969
 2.7188       2.2969
 2.7188       2.2969
 2.7188       2.2969
 2.7188       2.2969
 2.7188       2.2969
 2.7188       2.2969
 2.7188       2.2969
 2.7188       2.2969
 2.7188       2.2969
 2.7188       2.2969
 2.7188       2.2969
 2.7188       2.2969
 2.7188       2.2969
 2.7188       2.2969
 2.7188       2.2969
 2.7188       2.2969
 2.7188       2.2969
 2.7188       2.2969
 2.7188       2.2969
 2.7188       2.2969
 2.7188       2.2969
 2.7188       2.2969
 2.7188       2.2969
 2.7188       2.2969
 2.7188       2.2969
 2.7188       2.2969
 2.7188       2.2969
 2.7188       2.2969
 2.7188       2.2969
 2.7188       2.2969
 2.7188       2.2969
 2.7188       2.2969
 2.7188       2.2969
 2.7188       2.2969
 2.7188       2.2969
 2.7188       2.2969
 2.7188       2.2969
 2.7188       2.2969
 2.7188       2.2969
 2.7188       2.2969
 2.7188       2.2969
 2.7188       2.2969
 2.7188       2.2969
 2.7188       2.2969
 2.7188       2.2969
 2.7188       2.2969
 2.7188       2.2969
 2.7188       2.2969
 2.7188       2.2969
 2.7188       2.2969
 2.7188       2.2969
 2.7188       2.2969
 2.7188       2.2969
 2.7188       2.2969
 2.7188       2.2969
 2.7188       2.2969
 2.7188       2.2969
 2.7188       2.2969
 2.7188       2.2969
 2.7188       2.2969
 2.7188       2.2969
 2.7188       2.2969
 2.7188       2.2969
 2.7188       2.2969
 2.7188       2.2969
 2.7188       2.2969
 2.7188       2.2969
 2.7188       2.2969
 2.7188       2.2969
 2.7188       2.2969
 2.7188       2.2969
 2.7188       2.2969
 2.7188       2.2969
 2.7188       2.2969
 2.7188       2.2969
 2.7188       2.2969
 2.7188       2.2969
 2.7188       2.2969
 2.7188       2.2969
 2.7188       2.2969
 2.7188       2.2969
 2.7188       2.2969
 2.7188       2.2969
 2.7188       2.2969
 2.7188       2.2969
 2.7188       2.2969
 2.7188       2.2969
 2.7188       2.2969
 2.7188       2.2969
 2.7188       2.2969
 2.7188       2.2969
 2.7188       2.2969
 2.7188       2.2969
 2.7188       2.2969
 2.7188       2.2969
 2.7188       2.2969
 2.7188       2.2969
 2.7188       2.2969
 2.7188       2.2969
 2.7188       2.2969
 2.7188       2.2969
 2.7188       2.2969
 2.7188       2.2969
 2.7188       2.2969
 2.7188       2.2969
 2.7188       2.2969
 2.7188       2.2969
 2.7188       2.2969
 2.7188       2.2969
 2.7188       2.2969
 2.7188       2.2969
 2.7188       2.2969
 2.7188       2.2969
 2.7188       2.2969
 2.7188       2.2969
 2.7188       2.2969
 2.7188       2.2969
 2.7188       2.2969
 2.7188       2.2969
 2.7188       2.2969
 2.7188       2.2969
 2.7188       2.2969
 2.7188       2.2969
 2.7188       2.2969
 2.7188       2.2969
 2.7188       2.2969
 2.7188       2.2969
 2.7188       2.2969
 2.7188       2.2969
 2.7188       2.2969
 2.7188       2.2969
 2.7188       2.2969
 2.7188       2.2969
 2.7188       2.2969
 2.7188       2.2969
 2.7188       2.2969
 2.7188       2.2969
 2.7188       2.2969
 2.7188       2.2969
 2.7188       2.2969
 2.7188       2.2969
 2.7188       2.2969
 2.7188       2.2969
 2.7188       2.2969
 2.7188       2.2969
 2.7188       2.2969
 2.7188       2.2969
 2.7188       2.2969
 2.7188       2.2969
 2.7188       2.2969
 2.7188       2.2969
 2.7188       2.2969
 2.7188       2.2969
 2.7188       2.2969
 2.7188       2.2969
 2.7188       2.2969
 2.7188       2.2969
 2.7188       2.2969
 2.7188       2.2969
 2.7188       2.2969
 2.7188       2.2969
 2.7188       2.2969
 2.7188       2.2969
 2.7188       2.2969
 2.7188       2.2969
 2.7188       2.2969
 2.7188       2.2969
 2.7188       2.2969
 2.7188       2.2969
 2.7188       2.2969
 2.7188       2.2969
 2.7188       2.2969
 2.7188       2.2969
 2.7188       2.2969
 2.7188       2.2969
 2.7188       2.2969
 2.7188       2.2969
 2.7188       2.2969
 2.7188       2.2969
 2.7188       2.2969
 2.7188       2.2969
 2.7188       2.2969
 2.7188       2.2969
 2.7188       2.2969
 2.7188       2.2969
 2.7188       2.2969
 2.7188       2.2969
 2.7188       2.2969
 2.7188       2.2969
 2.7188       2.2969
 2.7188       2.2969
 2.7188       2.2969
 2.7188       2.2969
 2.7188       2.2969
 2.7188       2.2969
 2.7188       2.2969
 2.7188       2.2969
 2.7188       2.2969
 2.7188       2.2969
 2.7188       2.2969
 2.7188       2.2969
 2.7188       2.2969
 2.7188       2.2969
 2.7188       2.2969
 2.7188       2.2969
 2.7188       2.2969
 2.7188       2.2969
 2.7188       2.2969
 2.7188       2.2969
 2.7188       2.2969
 2.7188       2.2969
 2.7188       2.2969
 2.7188       2.2969
 2.7188       2.2969
 2.7188       2.2969
 2.7188       2.2969
 2.7188       2.2969
 2.7188       2.2969
 2.7188       2.2969
 2.7188       2.2969
 2.7188       2.2969
 2.7188       2.2969
 2.7188       2.2969
 2.7188       2.2969
 2.7188       2.2969
 2.7188       2.2969
 2.7188       2.2969
 2.7188       2.2969
 2.7188       2.2969
 2.7188       2.2969
 2.7188       2.2969
 2.7188       2.2969
 2.7188       2.2969
 2.7188       2.2969
 2.7188       2.2969
 2.7188       2.2969
 2.7188       2.2969
 2.7188       2.2969
 2.7188       2.2969
 2.7188       2.2969
 2.7188       2.2969
 2.7188       2.2969
 2.7188       2.2969
 2.7188       2.2969
 2.7188       2.2969
 2.7188       2.2969
 2.7188       2.2969
 2.7188       2.2969
 2.7188       2.2969
 2.7188       2.2969
 2.7188       2.2969
 2.7188       2.2969
 2.7188       2.2969
 2.7188       2.2969
 2.7188       2.2969
 2.7188       2.2969
 2.7188       2.2969
 2.7188       2.2969
 2.7188       2.2969
 2.7188       2.2969
 2.7188       2.2969
 2.7188       2.2969
 2.7188       2.2969
 2.7188       2.2969
 2.7188       2.2969
 2.7188       2.2969
 2.7188       2.2969
 2.7188       2.2969
 2.7188       2.2969
 2.7188       2.2969
 2.7188       2.2969
 2.7188       2.2969
 2.7188       2.2969
 2.7188       2.2969
 2.7188       2.2969
 2.7188       2.2969
 2.7188       2.2969
 2.7188       2.2969
 2.7188       2.2969
 2.7188       2.2969
 2.7188       2.2969
 2.7188       2.2969
 2.7188       2.2969
 2.7188       2.2969
 2.7188       2.2969
 2.7188       2.2969
 2.7188       2.2969
 2.7188       2.2969
 2.7188       2.2969
 2.7188       2.2969
 2.7188       2.2969
 2.7188       2.2969
 2.7188       2.2969
 2.7188       2.2969
 2.7188       2.2969
 2.7188       2.2969
 2.7188       2.2969
 2.7188       2.2969
 2.7188       2.2969
 2.7188       2.2969
 2.7188       2.2969
 2.7188       2.2969
 2.7188       2.2969
 2.7188       2.2969
 2.7188       2.2969
 2.7188       2.2969
 2.7188       2.2969
 2.7188       2.2969
 2.7188       2.2969
 2.7188       2.2969
 2.7188       2.2969
 2.7188       2.2969
 2.7188       2.2969
 2.7188       2.2969
 2.7188       2.2969
 2.7188       2.2969
 2.7188       2.2969
 2.7188       2.2969
 2.7188       2.2969
 2.7188       2.2969
 2.7188       2.2969
 2.7188       2.2969
 2.7188       2.2969
 2.7188       2.2969
 2.7188       2.2969
 2.7188       2.2969
 2.7188       2.2969
 2.7188       2.2969
 2.7188       2.2969
 2.7188       2.2969
 2.7188       2.2969
 2.7188       2.2969
 2.7188       2.2969
 2.7188       2.2969
 2.7188       2.2969
 2.7188       2.2969
 2.7188       2.2969
 2.7188       2.2969
 2.7188       2.2969
 2.7188       2.2969
 2.7188       2.2969
 2.7188       2.2969
 2.7188       2.2969
 2.7188       2.2969
 2.7188       2.2969
 2.7188       2.2969
 2.7188       2.2969
 2.7188       2.2969
 2.7188       2.2969
 2.7188       2.2969
 2.7188       2.2969
 2.7188       2.2969
 2.7188       2.2969
 2.7188       2.2969
 2.7188       2.2969
 2.7188       2.2969
 2.7188       2.2969
 2.7188       2.2969
 2.7188       2.2969
 2.7188       2.2969
 2.7188       2.2969
 2.7188       2.2969
 2.7188       2.2969
 2.7188       2.2969
 2.7188       2.2969
 2.7188       2.2969
 2.7188       2.2969
 2.7188       2.2969
 2.7188       2.2969
 2.7188       2.2969
 2.7188       2.2969
 2.7188       2.2969
 2.7188       2.2969
 2.7188       2.2969
 2.7188       2.2969
 2.7188       2.2969
 2.7188       2.2969
 2.7188       2.2969
 2.7188       2.2969
 2.7188       2.2969
 2.7188       2.2969
 2.7188       2.2969
 2.7188       2.2969
 2.7188       2.2969
 2.7188       2.2969
 2.7188       2.2969
 2.7188       2.2969
 2.7188       2.2969
 2.7188       2.2969
 2.7188       2.2969
 2.7188       2.2969
 2.7188       2.2969
 2.7188       2.2969
 2.7188       2.2969
 2.7188       2.2969
 2.7188       2.2969
 2.7188       2.2969
 2.7188       2.2969
 2.7188       2.2969
 2.7188       2.2969
 2.7188       2.2969
 2.7188       2.2969
 2.7188       2.2969
 2.7188       2.2969
 2.7188       2.2969
 2.7188       2.2969
 2.7188       2.2969
 2.7188       2.2969
 2.7188       2.2969
 2.7188       2.2969
 2.7188       2.2969
 2.7188       2.2969
 2.7188       2.2969
 2.7188       2.2969
 2.7188       2.2969
 2.7188       2.2969
 2.7188       2.2969
 2.7188       2.2969
 2.7188       2.2969
 2.7188       2.2969
 2.7188       2.2969
 2.7188       2.2969
 2.7188       2.2969
 2.7188       2.2969
 2.7188       2.2969
 2.7188       2.2969
 2.7188       2.2969
 2.7188       2.2969
 2.7188       2.2969
 2.7188       2.2969
 2.7188       2.2969
 2.7188       2.2969
 2.7188       2.2969
 2.7188       2.2969
 2.7188       2.2969
 2.7188       2.2969
 2.7188       2.2969
 2.7188       2.2969
 2.7188       2.2969
 2.7188       2.2969
 2.7188       2.2969
 2.7188       2.2969
 2.7188       2.2969
 2.7188       2.2969
 2.7188       2.2969
 2.7188       2.2969
 2.7188       2.2969
 2.7188       2.2969
 2.7188       2.2969
 2.7188       2.2969
 2.7188       2.2969
 2.7188       2.2969
 2.7188       2.2969
 2.7188       2.2969
 2.7188       2.2969
 2.7188       2.2969
 2.7188       2.2969
 2.7188       2.2969
 2.7188       2.2969
 2.7188       2.2969
 2.7188       2.2969
 2.7188       2.2969
 2.7188       2.2969
 2.7188       2.2969
 2.7188       2.2969
 2.7188       2.2969
 2.7188       2.2969
 2.7188       2.2969
 2.7188       2.2969
 2.7188       2.2969
 2.7188       2.2969
 2.7188       2.2969
 2.7188       2.2969
 2.7188       2.2969
 2.7188       2.2969
 2.7188       2.2969
 2.7188       2.2969
 2.7188       2.2969
 2.7188       2.2969
 2.7188       2.2969
 2.7188       2.2969
 2.7188       2.2969
 2.7188       2.2969
 2.7188       2.2969
 2.7188       2.2969
 2.7188       2.2969
 2.7188       2.2969
 2.7188       2.2969
 2.7188       2.2969
 2.7188       2.2969
 2.7188       2.2969
 2.7188       2.2969
 2.7188       2.2969
 2.7188       2.2969
 2.7188       2.3438
 2.7188       2.3438
 2.7188       2.3438
 2.7188       2.3438
 2.7188       2.3438
 2.7188       2.3438
 2.7188       2.3438
 2.7188       2.3438
 2.7188       2.3438
 2.7188       2.3438
 2.7188       2.3438
 2.7188       2.3438
 2.7188       2.3438
 2.7188       2.3438
 2.7188       2.3438
 2.7188       2.3438
 2.7188       2.3438
 2.7188       2.3438
 2.7188       2.3438
 2.7188       2.3438
 2.7188       2.3438
 2.7188       2.3438
 2.7188       2.3438
 2.7188       2.3438
 2.7188       2.3438
 2.7188       2.3438
 2.7188       2.3438
 2.7188       2.3438
 2.7188       2.3438
 2.7188       2.3438
 2.7188       2.3438
 2.7188       2.3438
 2.7188       2.3438
 2.7188       2.3438
 2.7188       2.3438
 2.7188       2.3438
 2.7188       2.3438
 2.7188       2.3438
 2.7188       2.3438
 2.7188       2.3438
 2.7188       2.3438
 2.7188       2.3438
 2.7188       2.3438
 2.7188       2.3438
 2.7188       2.3438
 2.7188       2.3438
 2.7188       2.3438
 2.7188       2.3438
 2.7188       2.3438
 2.7188       2.3438
 2.7188       2.3438
 2.7188       2.3438
 2.7188       2.3438
 2.7188       2.3438
 2.7188       2.3438
 2.7188       2.3438
 2.7188       2.3438
 2.7188       2.3438
 2.7188       2.3438
 2.7188       2.3438
 2.7188       2.3438
 2.7188       2.3438
 2.7188       2.3438
 2.7188       2.3438
 2.7188       2.3438
 2.7188       2.3438
 2.7188       2.3438
 2.7188       2.3438
 2.7188       2.3438
 2.7188       2.3438
 2.7188       2.3438
 2.7188       2.3438
 2.7188       2.3438
 2.7188       2.3438
 2.7188       2.3438
 2.7188       2.3438
 2.7188       2.3438
 2.7188       2.3438
 2.7188       2.3438
 2.7188       2.3438
 2.7188       2.3438
 2.7188       2.3438
 2.7188       2.3438
 2.7188       2.3438
 2.7188       2.3438
 2.7188       2.3438
 2.7188       2.3438
 2.7188       2.3438
 2.7188       2.3438
 2.7188       2.3438
 2.7188       2.3438
 2.7188       2.3438
 2.7188       2.3438
 2.7188       2.3438
 2.7188       2.3438
 2.7188       2.3438
 2.7188       2.3438
 2.7188       2.3438
 2.7188       2.3438
 2.7188       2.3438
 2.7188       2.3438
 2.7188       2.3438
 2.7188       2.3438
 2.7188       2.3438
 2.7188       2.3438
 2.7188       2.3438
 2.7188       2.3438
 2.7188       2.3438
 2.7188       2.3438
 2.7188       2.3438
 2.7188       2.3438
 2.7188       2.3438
 2.7188       2.3438
 2.7188       2.3438
 2.7188       2.3438
 2.7188       2.3438
 2.7188       2.3438
 2.7188       2.3438
 2.7188       2.3438
 2.7188       2.3438
 2.7188       2.3438
 2.7188       2.3438
 2.7188       2.3438
 2.7188       2.3438
 2.7188       2.3438
 2.7188       2.3438
 2.7188       2.3438
 2.7188       2.3438
 2.7188       2.3438
 2.7188       2.3438
 2.7188       2.3438
 2.7188       2.3438
 2.7188       2.3438
 2.7188       2.3438
 2.7188       2.3438
 2.7188       2.3438
 2.7188       2.3438
 2.7188       2.3438
 2.7188       2.3438
 2.7188       2.3438
 2.7188       2.3438
 2.7188       2.3438
 2.7188       2.3438
 2.7188       2.3438
 2.7188       2.3438
 2.7188       2.3438
 2.7188       2.3438
 2.7188       2.3438
 2.7188       2.3438
 2.7188       2.3438
 2.7188       2.3438
 2.7188       2.3438
 2.7188       2.3438
 2.7188       2.3438
 2.7188       2.3438
 2.7188       2.3438
 2.7188       2.3438
 2.7188       2.3438
 2.7188       2.3438
 2.7188       2.3438
 2.7188       2.3438
 2.7188       2.3438
 2.7188       2.3438
 2.7188       2.3438
 2.7188       2.3438
 2.7188       2.3438
 2.7188       2.3438
 2.7188       2.3438
 2.7188       2.3438
 2.7188       2.3438
 2.7188       2.3438
 2.7188       2.3438
 2.7188       2.3438
 2.7188       2.3438
 2.7188       2.3438
 2.7188       2.3438
 2.7188       2.3438
 2.7188       2.3438
 2.7188       2.3438
 2.7188       2.3438
 2.7188       2.3438
 2.7188       2.3438
 2.7188       2.3438
 2.7188       2.3438
 2.7188       2.3438
 2.7188       2.3438
 2.7188       2.3438
 2.7188       2.3438
 2.7188       2.3438
 2.7188       2.3438
 2.7188       2.3438
 2.7188       2.3438
 2.7188       2.3438
 2.7188       2.3438
 2.7188       2.3438
 2.7188       2.3438
 2.7188       2.3438
 2.7188       2.3438
 2.7188       2.3438
 2.7188       2.3438
 2.7188       2.3438
 2.7188       2.3438
 2.7188       2.3438
 2.7188       2.3438
 2.7188       2.3438
 2.7188       2.3438
 2.7188       2.3438
 2.7188       2.3438
 2.7188       2.3438
 2.7188       2.3438
 2.7188       2.3438
 2.7188       2.3438
 2.7188       2.3438
 2.7188       2.3438
 2.7188       2.3438
 2.7188       2.3438
 2.7188       2.3438
 2.7188       2.3438
 2.7188       2.3438
 2.7188       2.3438
 2.7188       2.3438
 2.7188       2.3438
 2.7188       2.3438
 2.7188       2.3438
 2.7188       2.3438
 2.7188       2.3438
 2.7188       2.3438
 2.7188       2.3438
 2.7188       2.3438
 2.7188       2.3438
 2.7188       2.3438
 2.7188       2.3438
 2.7188       2.3438
 2.7188       2.3438
 2.7188       2.3438
 2.7188       2.3438
 2.7188       2.3438
 2.7188       2.3438
 2.7188       2.3438
 2.7188       2.3438
 2.7188       2.3438
 2.7188       2.3438
 2.7188       2.3438
 2.7188       2.3438
 2.7188       2.3438
 2.7188       2.3438
 2.7188       2.3438
 2.7188       2.3438
 2.7188       2.3438
 2.7188       2.3438
 2.7188       2.3438
 2.7188       2.3438
 2.7188       2.3438
 2.7188       2.3438
 2.7188       2.3438
 2.7188       2.3438
 2.7188       2.3438
 2.7188       2.3438
 2.7188       2.3438
 2.7188       2.3438
 2.7656       2.3438
 2.7188       2.3438
 2.7188       2.3438
 2.7188       2.3438
 2.7656       2.3438
 2.7656       2.3438
 2.7656       2.3438
 2.7188       2.3438
 2.7656       2.3438
 2.7656       2.3438
 2.7188       2.3438
 2.7656       2.3438
 2.7656       2.3438
 2.7188       2.3438
 2.7656       2.3438
 2.7188       2.3438
 2.7656       2.3438
 2.7188       2.3438
 2.7656       2.3438
 2.7656       2.3438
 2.7188       2.3438
 2.7656       2.3438
 2.7656       2.3438
 2.7656       2.3438
 2.7656       2.3438
 2.7656       2.3438
 2.7656       2.3438
 2.7656       2.3438
 2.7656       2.3438
 2.7656       2.3438
 2.7656       2.3438
 2.7656       2.3438
 2.7656       2.3438
 2.7656       2.3438
 2.7656       2.3438
 2.7656       2.3438
 2.7656       2.3438
 2.7656       2.3438
 2.7656       2.3438
 2.7188       2.3438
 2.7656       2.3438
 2.7188       2.3438
 2.7656       2.3438
 2.7188       2.3438
 2.7656       2.3438
 2.7656       2.3438
 2.7656       2.3438
 2.7656       2.3438
 2.7656       2.3438
 2.7656       2.3438
 2.7656       2.3438
 2.7656       2.3438
 2.7656       2.3438
 2.7656       2.3438
 2.7656       2.3438
 2.7656       2.3438
 2.7656       2.3438
 2.7656       2.3438
 2.7656       2.3438
 2.7656       2.3438
 2.7656       2.3438
 2.7656       2.3438
 2.7656       2.3438
 2.7656       2.3438
 2.7656       2.3438
 2.7656       2.3438
 2.7656       2.3438
 2.7656       2.3438
 2.7656       2.3438
 2.7656       2.3438
 2.7656       2.3438
 2.7656       2.3438
 2.7656       2.3438
 2.7656       2.3438
 2.7656       2.3438
 2.7656       2.3438
 2.7656       2.3438
 2.7656       2.3438
 2.7656       2.3438
 2.7656       2.3438
 2.7656       2.3438
 2.7656       2.3438
 2.7656       2.3438
 2.7656       2.3438
 2.7656       2.3438
 2.7656       2.3438
 2.7656       2.3438
 2.7656       2.3438
 2.7656       2.3438
 2.7656       2.3438
 2.7656       2.3438
 2.7656       2.3438
 2.7656       2.3438
 2.7656       2.3438
 2.7656       2.3438
 2.7656       2.3438
 2.7656       2.3438
 2.7656       2.3438
 2.7656       2.3438
 2.7656       2.3438
 2.7656       2.3438
 2.7656       2.3438
 2.7656       2.3438
 2.7656       2.3438
 2.7656       2.3438
 2.7656       2.3438
 2.7656       2.3438
 2.7656       2.3438
 2.7656       2.3438
 2.7656       2.3438
 2.7656       2.3438
 2.7656       2.3438
 2.7656       2.3438
 2.7656       2.3438
 2.7656       2.3438
 2.7656       2.3438
 2.7656       2.3438
 2.7656       2.3438
 2.7656       2.3438
 2.7656       2.3438
 2.7656       2.3438
 2.7656       2.3438
 2.7656       2.3438
 2.7656       2.3438
 2.7656       2.3438
 2.7656       2.3438
 2.7656       2.3438
 2.7656       2.3438
 2.7656       2.3438
 2.7656       2.3438
 2.7656       2.3438
 2.7656       2.3438
 2.7656       2.3438
 2.7656       2.3438
 2.7656       2.3438
 2.7656       2.3438
 2.7656       2.3438
 2.7656       2.3438
 2.7656       2.3438
 2.7656       2.3438
 2.7656       2.3438
 2.7656       2.3438
 2.7656       2.3438
 2.7656       2.3438
 2.7656       2.3438
 2.7656       2.3438
 2.7656       2.3438
 2.7656       2.3438
 2.7656       2.3438
 2.7656       2.3438
 2.7656       2.3438
 2.7656       2.3438
 2.7656       2.3438
 2.7656       2.3438
 2.7656       2.3438
 2.7656       2.3438
 2.7656       2.3438
 2.7656       2.3438
 2.7656       2.3438
 2.7656       2.3438
 2.7656       2.3438
 2.7656       2.3438
 2.7656       2.3438
 2.7656       2.3438
 2.7656       2.3438
 2.7656       2.3438
 2.7656       2.3438
 2.7656       2.3438
 2.7656       2.3438
 2.7656       2.3438
 2.7656       2.3438
 2.7656       2.3438
 2.7656       2.3438
 2.7656       2.3438
 2.7656       2.3438
 2.7656       2.3438
 2.7656       2.3438
 2.7656       2.3438
 2.7656       2.3438
 2.7656       2.3438
 2.7656       2.3438
 2.7656       2.3438
 2.7656       2.3438
 2.7656       2.3438
 2.7656       2.3438
 2.7656       2.3438
 2.7656       2.3438
 2.7656       2.3438
 2.7656       2.3438
 2.7656       2.3438
 2.7656       2.3438
 2.7656       2.3438
 2.7656       2.3438
 2.7656       2.3438
 2.7656       2.3438
 2.7656       2.3438
 2.7656       2.3438
 2.7656       2.3438
 2.7656       2.3438
 2.7656       2.3438
 2.7656       2.3438
 2.7656       2.3438
 2.7656       2.3438
 2.7656       2.3438
 2.7656       2.3438
 2.7656       2.3438
 2.7656       2.3438
 2.7656       2.3438
 2.7656       2.3438
 2.7656       2.3438
 2.7656       2.3438
 2.7656       2.3438
 2.7656       2.3438
 2.7656       2.3438
 2.7656       2.3438
 2.7656       2.3438
 2.7656       2.3438
 2.7656       2.3438
 2.7656       2.3438
 2.7656       2.3438
 2.7656       2.3438
 2.7656       2.3438
 2.7656       2.3438
 2.7656       2.3438
 2.7656       2.3438
 2.7656       2.3438
 2.7656       2.3438
 2.7656       2.3438
 2.7656       2.3438
 2.7656       2.3438
 2.7656       2.3438
 2.7656       2.3438
 2.7656       2.3438
 2.7656       2.3438
 2.7656       2.3438
 2.7656       2.3438
 2.7656       2.3438
 2.7656       2.3438
 2.7656       2.3438
 2.7656       2.3438
 2.7656       2.3438
 2.7656       2.3438
 2.7656       2.3438
 2.7656       2.3438
 2.7656       2.3438
 2.7656       2.3438
 2.7656       2.3438
 2.7656       2.3438
 2.7656       2.3438
 2.7656       2.3438
 2.7656       2.3438
 2.7656       2.3438
 2.7656       2.3438
 2.7656       2.3438
 2.7656       2.3438
 2.7656       2.3438
 2.7656       2.3438
 2.7656       2.3438
 2.7656       2.3438
 2.7656       2.3438
 2.7656       2.3438
 2.7656       2.3438
 2.7656       2.3438
 2.7656       2.3438
 2.7656       2.3438
 2.7656       2.3438
 2.7656       2.3438
 2.7656       2.3438
 2.7656       2.3438
 2.7656       2.3438
 2.7656       2.3438
 2.7656       2.3438
 2.7656       2.3438
 2.7656       2.3438
 2.7656       2.3438
 2.7656       2.3438
 2.7656       2.3438
 2.7656       2.3438
 2.7656       2.3438
 2.7656       2.3438
 2.7656       2.3438
 2.7656       2.3438
 2.7656       2.3438
 2.7656       2.3438
 2.7656       2.3438
 2.7656       2.3438
 2.7656       2.3438
 2.7656       2.3438
 2.7656       2.3438
 2.7656       2.3438
 2.7656       2.3438
 2.7656       2.3438
 2.7656       2.3438
 2.7656       2.3438
 2.7656       2.3438
 2.7656       2.3438
 2.7656       2.3438
 2.7656       2.3438
 2.7656       2.3438
 2.7656       2.3438
 2.7656       2.3438
 2.7656       2.3438
 2.7656       2.3438
 2.7656       2.3438
 2.7656       2.3438
 2.7656       2.3438
 2.7656       2.3438
 2.7656       2.3438
 2.7656       2.3438
 2.7656       2.3438
 2.7656       2.3438
 2.7656       2.3438
 2.7656       2.3438
 2.7656       2.3438
 2.7656       2.3438
 2.7656       2.3438
 2.7656       2.3438
 2.7656       2.3438
 2.7656       2.3438
 2.7656       2.3438
 2.7656       2.3438
 2.7656       2.3438
 2.7656       2.3438
 2.7656       2.3438
 2.7656       2.3438
 2.7656       2.3438
 2.7656       2.3438
 2.7656       2.3438
 2.7656       2.3438
 2.7656       2.3438
 2.7656       2.3438
 2.7656       2.3438
 2.7656       2.3438
 2.7656       2.3438
 2.7656       2.3438
 2.7656       2.3438
 2.7656       2.3438
 2.7656       2.3438
 2.7656       2.3438
 2.7656       2.3438
 2.7656       2.3438
 2.7656       2.3438
 2.7656       2.3438
 2.7656       2.3438
 2.7656       2.3438
 2.7656       2.3438
 2.7656       2.3438
 2.7656       2.3438
 2.7656       2.3438
 2.7656       2.3438
 2.7656       2.3438
 2.7656       2.3438
 2.7656       2.3438
 2.7656       2.3438
 2.7656       2.3438
 2.7656       2.3438
 2.7656       2.3438
 2.7656       2.3438
 2.7656       2.3438
 2.7656       2.3438
 2.7656       2.3438
 2.7656       2.3438
 2.7656       2.3438
 2.7656       2.3438
 2.7656       2.3438
 2.7656       2.3438
 2.7656       2.3438
 2.7656       2.3438
 2.7656       2.3438
 2.7656       2.3438
 2.7656       2.3438
 2.7656       2.3438
 2.7656       2.3438
 2.7656       2.3438
 2.7656       2.3438
 2.7656       2.3438
 2.7656       2.3438
 2.7656       2.3438
 2.7656       2.3438
 2.7656       2.3438
 2.7656       2.3438
 2.7656       2.3438
 2.7656       2.3438
 2.7656       2.3438
 2.7656       2.3438
 2.7656       2.3438
 2.7656       2.3438
 2.7656       2.3438
 2.7656       2.3438
 2.7656       2.3438
 2.7656       2.3438
 2.7656       2.3438
 2.7656       2.3438
 2.7656       2.3438
 2.7656       2.3438
 2.7656       2.3438
 2.7656       2.3438
 2.7656       2.3438
 2.7656       2.3438
 2.7656       2.3438
 2.7656       2.3438
 2.7656       2.3438
 2.7656       2.3438
 2.7656       2.3438
 2.7656       2.3438
 2.7656       2.3438
 2.7656       2.3438
 2.7656       2.3438
 2.7656       2.3438
 2.7656       2.3438
 2.7656       2.3438
 2.7656       2.3438
 2.7656       2.3438
 2.7656       2.3438
 2.7656       2.3438
 2.7656       2.3438
 2.7656       2.3438
 2.7656       2.3438
 2.7656       2.3438
 2.7656       2.3438
 2.7656       2.3438
 2.7656       2.3438
 2.7656       2.3438
 2.7656       2.3438
 2.7656       2.3438
 2.7656       2.3438
 2.7656       2.3438
 2.7656       2.3438
 2.7656       2.3438
 2.7656       2.3438
 2.7656       2.3438
 2.7656       2.3438
 2.7656       2.3438
 2.7656       2.3438
 2.7656       2.3438
 2.7656       2.3438
 2.7656       2.3438
 2.7656       2.3438
 2.7656       2.3438
 2.7656       2.3438
 2.7656       2.3438
 2.7656       2.3438
 2.7656       2.3438
 2.7656       2.3438
 2.7656       2.3438
 2.7656       2.3438
 2.7656       2.3438
 2.7656       2.3438
 2.7656       2.3438
 2.7656       2.3438
 2.7656       2.3438
 2.7656       2.3438
 2.7656       2.3438
 2.7656       2.3438
 2.7656       2.3438
 2.7656       2.3438
 2.7656       2.3438
 2.7656       2.3438
 2.7656       2.3438
 2.7656       2.3438
 2.7656       2.3438
 2.7656       2.3438
 2.7656       2.3438
 2.7656       2.3438
 2.7656       2.3438
 2.7656       2.3438
 2.7656       2.3438
 2.7656       2.3438
 2.7656       2.3438
 2.7656       2.3438
 2.7656       2.3438
 2.7656       2.3438
 2.7656       2.3438
 2.7656       2.3438
 2.7656       2.3438
 2.7656       2.3438
 2.7656       2.3438
 2.7656       2.3438
 2.7656       2.3438
 2.7656       2.3438
 2.7656       2.3438
 2.7656       2.3438
 2.7656       2.3438
 2.7656       2.3438
 2.7656       2.3438
 2.7656       2.3438
 2.7656       2.3438
 2.7656       2.3438
 2.7656       2.3438
 2.7656       2.3438
 2.7656       2.3438
 2.7656       2.3438
 2.7656       2.3438
 2.7656       2.3438
 2.7656       2.3438
 2.7656       2.3438
 2.7656       2.3438
 2.7656       2.3438
 2.7656       2.3438
 2.7656       2.3438
 2.7656       2.3438
 2.7656       2.3438
 2.7656       2.3438
 2.7656       2.3438
 2.7656       2.3438
 2.7656       2.3438
 2.7656       2.3438
 2.7656       2.3438
 2.7656       2.3438
 2.7656       2.3438
 2.7656       2.3438
 2.7656       2.3438
 2.7656       2.3438
 2.7656       2.3438
 2.7656       2.3438
 2.7656       2.3438
 2.7656       2.3438
 2.7656       2.3438
 2.7656       2.3438
 2.7656       2.3438
 2.7656       2.3438
 2.7656       2.3438
 2.7656       2.3438
 2.7656       2.3438
 2.7656       2.3438
 2.7656       2.3438
 2.7656       2.3438
 2.7656       2.3438
 2.7656       2.3438
